0.292432 -2.72361e-05
0.292432 -2.72361e-05
0.292432 -2.7278e-05
0.292432 -2.74654e-05
0.292433 -2.82904e-05
0.292435 -3.16268e-05
0.292447 -3.87257e-05
0.292447 7.29856e-05
0.292206 0.000254124
0.291836 0.000245671
0.291597 0.000117929
0.291457 0.00012409
0.291193 0.000308719
0.290665 0.000470199
0.290074 0.000453521
0.289511 0.000383241
0.28893 0.00051372
0.288112 0.000805329
0.286965 0.00105991
0.285668 0.00120685
0.28403 0.00144233
0.282165 0.00196788
0.279787 0.00286409
0.276595 0.00424674
0.27232 0.00652772
0.268313 0.00942213
0.265023 0.0127053
0.262445 0.016293
0.260391 0.0203588
0.258275 0.0261385
0.255589 0.0350784
0.252697 0.046515
0.251835 0.0510895
0.251835 0.0510895
0.251835 0.0510895
0.129767
0.292432 2.72361e-05
0.251885 0.0511125
0.129825
