7.509471772248305866e-12 6.073837490941340001e-12 5.055551662516214387e-12 4.814808105781522217e-12 5.440113522763798342e-12 6.655679513162836113e-12 7.656564831685604301e-12 7.814567909425479421e-12 7.636958598061543638e-12 7.962888271376354405e-12 9.138621304272889537e-12 1.106113510598045228e-11 1.321061496288932543e-11 1.473555384859640007e-11 1.498999681365750429e-11 1.396841861070259870e-11 1.225769989702324204e-11 1.052189382992985741e-11 8.984135705594744789e-12 7.508103286726449778e-12
8.761096360901794444e-01 8.845395851759724204e-01 8.888857205410487516e-01 8.913471093516420751e-01 8.922192575564852346e-01 8.901751933822326102e-01 8.843671852532960509e-01 8.750418258045812303e-01 8.633947355336407670e-01 8.503402134774109555e-01 8.354457427847200579e-01 8.189906549927061796e-01 8.042382028108127079e-01 7.956180686968454818e-01 7.947255216312121284e-01 8.012113086193842770e-01 8.154247302464902036e-01 8.361623501832491367e-01 8.581722336851620447e-01 8.761165612144357073e-01
4.813957986403483602e+00 4.983959880793244146e+00 5.124134242002517325e+00 5.234866982610522967e+00 5.298899977263749506e+00 5.296108917874486899e+00 5.222606185437290272e+00 5.087045924886580472e+00 4.910924202335205102e+00 4.714429249272898304e+00 4.514080073554528560e+00 4.329901055217078465e+00 4.188758946295775054e+00 4.110795294034423009e+00 4.096930979758520941e+00 4.141504397267614657e+00 4.247134115223075490e+00 4.412493518989403007e+00 4.614514601041828534e+00 4.813964063216009670e+00
9.838019632308764528e+00 1.045204467715535301e+01 1.099848788910106734e+01 1.143382904267285127e+01 1.168784877779599540e+01 1.169801094715988121e+01 1.145609322552009246e+01 1.100918284882966347e+01 1.043082414495423471e+01 9.792102669077667798e+00 9.153338891506926700e+00 8.578900667435123140e+00 8.140189081615400113e+00 7.881869999316422515e+00 7.809742163862634534e+00 7.903373976773893972e+00 8.172675225456504933e+00 8.619286290576525289e+00 9.201776560159945717e+00 9.838054183383828644e+00
1.459827437203904132e+01 1.590579850518612659e+01 1.711881925915884750e+01 1.809644797235313618e+01 1.866692246609382266e+01 1.870522610673134523e+01 1.820826350050053577e+01 1.728205900085415081e+01 1.610721870252088905e+01 1.482504855195236892e+01 1.356191302457694015e+01 1.242979884804886304e+01 1.154993552304849125e+01 1.100414006058922389e+01 1.080390580539267198e+01 1.093272470134168906e+01 1.139981613300891361e+01 1.221336037901352967e+01 1.332060470544174358e+01 1.459829394075724096e+01
1.874376027286810853e+01 2.089613458307093197e+01 2.295365781327388532e+01 2.463112823437824517e+01 2.561334336250628851e+01 2.569047115307664697e+01 2.487157460454418256e+01 2.336100307641370222e+01 2.145702047173523397e+01 1.942891403700269137e+01 1.745752947398728949e+01 1.568645430701909582e+01 1.428386863997879708e+01 1.337156859682224663e+01 1.298770617034383079e+01 1.312453544093308544e+01 1.379726459294476548e+01 1.501510242384368077e+01 1.671682186125261538e+01 1.874375137767462007e+01
2.235686728530748013e+01 2.542129819482951802e+01 2.840647171032691887e+01 3.087037254579588108e+01 3.231709155499623876e+01 3.243502939404035601e+01 3.125009018967961438e+01 2.908428773288439118e+01 2.640221105309947447e+01 2.359997950388139998e+01 2.090428056778464949e+01 1.847355998884706807e+01 1.649970072644377339e+01 1.516503586491001876e+01 1.455297592278077801e+01 1.467996185305853629e+01 1.556439055679059713e+01 1.721070577910617416e+01 1.953520586395558212e+01 2.235683634343965309e+01
2.562535807781361186e+01 2.962448576244819520e+01 3.356490538973604032e+01 3.683646136305427632e+01 3.876182345766459747e+01 3.891531992215635682e+01 3.733834764559544084e+01 3.449113959692506626e+01 3.101504682482668329e+01 2.744194834607866085e+01 2.402448015172319273e+01 2.090853636840241236e+01 1.832317671762445954e+01 1.652058432406970923e+01 1.564541319977938194e+01 1.575266357413279472e+01 1.686698435428472109e+01 1.897773232248109565e+01 2.197317452853425124e+01 2.562537890629368675e+01
2.873053814125407612e+01 3.371048145056914080e+01 3.861359376817760847e+01 4.268497703729845938e+01 4.507260856082465494e+01 4.524951236820111689e+01 4.327779522243151433e+01 3.974153468514041521e+01 3.546189991191688762e+01 3.108195838344169104e+01 2.690352995718809481e+01 2.306097197323146730e+01 1.980691155581094165e+01 1.748396663266221651e+01 1.632166872670719115e+01 1.640942757003620756e+01 1.778424313971413540e+01 2.042460320316658340e+01 2.417834852012892100e+01 2.873053057328392512e+01
3.183300893608946680e+01 3.790592124814703823e+01 4.381713669381829135e+01 4.868690173210385552e+01 5.152353411071737810e+01 5.172104166174538875e+01 4.935667324879437956e+01 4.511682283058188148e+01 3.996847071275849572e+01 3.468712046583589625e+01 2.962289241594812594e+01 2.493146626593699366e+01 2.093107718089991209e+01 1.805286842218747978e+01 1.658797787375019084e+01 1.666359321175594133e+01 1.833500943014022155e+01 2.158680663993926174e+01 2.622256805163108950e+01 3.183311325763280308e+01
3.495841312966066283e+01 4.233528219322786157e+01 4.939683676463842232e+01 5.511750748876124817e+01 5.841490656385699509e+01 5.864650736762851579e+01 5.589906107997127549e+01 5.091099578818813143e+01 4.474262448757817623e+01 3.832453825806460657e+01 3.213697115616368194e+01 2.643067790215897261e+01 2.160812220922558069e+01 1.815446268572465982e+01 1.639564764117420026e+01 1.647028717946136211e+01 1.846362438061611044e+01 2.239807445359832627e+01 2.807810508762337776e+01 3.495846159371748030e+01
3.809246360459931680e+01 4.713293201311744696e+01 5.563827113377342215e+01 6.237556021131791795e+01 6.620501358416855453e+01 6.652684996234302162e+01 6.338066924154542647e+01 5.753489807945697976e+01 5.004714577781120255e+01 4.206256268934739495e+01 3.437058780715931761e+01 2.744313826168698256e+01 2.173733018890254343e+01 1.772814131454476794e+01 1.571044767880224491e+01 1.580313499471188265e+01 1.811674355642118783e+01 2.277646678537876568e+01 2.964327980089208836e+01 3.809238388108989426e+01
4.104677092770988622e+01 5.225904936950275470e+01 6.271787615803867766e+01 7.079897205547308658e+01 7.531328658814132382e+01 7.573759235560576997e+01 7.221983139790498285e+01 6.530128991738850175e+01 5.600858013090462606e+01 4.581594889709941754e+01 3.611528173709108103e+01 2.774687917969920292e+01 2.116407110666400726e+01 1.669009342405359320e+01 1.449237062656209929e+01 1.461223387300751497e+01 1.721163997532537948e+01 2.257641011066344561e+01 3.071291121297976900e+01 4.104675081830355765e+01
4.347327033118664019e+01 5.747912280540653285e+01 7.061362865699226177e+01 8.057660942543287774e+01 8.601411985421425754e+01 8.664789755667791837e+01 8.266134846511009471e+01 7.434430019559484037e+01 6.256688177420249986e+01 4.932686733415042823e+01 3.703977605225813363e+01 2.708443111782463930e+01 1.974638200238100438e+01 1.498867560644827712e+01 1.272332550852201649e+01 1.288369043806730652e+01 1.566497972016313689e+01 2.156577044917679942e+01 3.097772627575542259e+01 4.347330842975014775e+01
4.462531274875378529e+01 6.197717455992508917e+01 7.863313113377131458e+01 9.113067038838201483e+01 9.776164088963669485e+01 9.863992620996762639e+01 9.410431243657052391e+01 8.402780405446706880e+01 6.899695497634145624e+01 5.185242746655487167e+01 3.653530574318387636e+01 2.507172426193389825e+01 1.730466043430967460e+01 1.257340893491132761e+01 1.041196527259286064e+01 1.060771467915476940e+01 1.339230770752874733e+01 1.953515562137261341e+01 2.992553688526511380e+01 4.462535806810261363e+01
4.321808980411373113e+01 6.389355708009432533e+01 8.454097965517203761e+01 9.995162810310785062e+01 1.078789802234744002e+02 1.089803686898497119e+02 1.038866852312477818e+02 9.191135887993985421e+01 7.319406316259403411e+01 5.182387705474543793e+01 3.363268832614205905e+01 2.124314586267722405e+01 1.370071914049103512e+01 9.465450013283678743e+00 7.630925080812990480e+00 7.845049524913939365e+00 1.035959179495598192e+01 1.619808473771539781e+01 2.685108108513554370e+01 4.321817964117831679e+01
3.706813359513351003e+01 5.869611604370083313e+01 7.880852306386361761e+01 9.623248855356438014e+01 1.049652155993873066e+02 1.059061357585026855e+02 1.003920901876868612e+02 8.765335730995792574e+01 6.802073678601036022e+01 4.660486227647097479e+01 2.701278877193518468e+01 1.504526242709275330e+01 8.872954931841654513e+00 5.787893316008931421e+00 4.552537345327294815e+00 4.756109804269968322e+00 6.633253699168136563e+00 1.131891809245482428e+01 2.083250003149495555e+01 3.706813859369788133e+01
2.450302588230540479e+01 4.383310386644001255e+01 6.545658982545560889e+01 8.199788773587778223e+01 8.999619673949833043e+01 9.083470097885495420e+01 8.586399706459135928e+01 7.378954266890539770e+01 5.405509793579885525e+01 3.200599373345183807e+01 1.573602395508103058e+01 7.282409816180975604e+00 3.592595026462169994e+00 1.996617533013778756e+00 1.589707986583543287e+00 1.763863298843861838e+00 2.652609149085290330e+00 5.284126800679089797e+00 1.184748416478771027e+01 2.450305021175102738e+01
4.067702488377840098e+00 1.137191011157543130e+01 2.126600012016488250e+01 2.892568724622640630e+01 3.214541069094278924e+01 3.206534293488265064e+01 2.960701268721766155e+01 2.385249547932581393e+01 1.437714790777489782e+01 5.157278579204128022e+00 8.293828013749663386e-01 6.849403538396132973e-02 7.369317339399296223e-03 4.292485532109142216e-02 9.741588883542683097e-02 1.354124293329322243e-02 8.443809117926907859e-02 3.000240547185094586e-01 1.036268243562214586e+00 4.067699424306794320e+00
1.057050818974054529e+01 1.830626827947750357e+01 2.908098624633932872e+01 4.237492611172611845e+01 4.176139210336013008e+01 4.166665669069353584e+01 2.927842752049894770e+01 1.620581802130475779e+01 7.397126363659804582e+00 2.957275131060133955e+00 1.202968159680814386e+00 5.959728512751683027e-01 4.039542483886507385e-01 2.975906382130848460e-01 3.320122054080243412e-01 5.455133985332574209e-01 1.141917046373239319e+00 2.919650486151993629e+00 5.633110406730986952e+00 1.057053631692529017e+01
