20
20
0.0 0.05263158 0.10526316 0.15789474 0.21052632 0.26315789 0.31578947 0.36842105 0.42105263 0.47368421 0.52631579 0.57894737 0.63157895 0.68421053 0.73684211 0.78947368 0.84210526 0.89473684 0.94736842 1.            
0.0 0.33069396 0.66138793 0.99208189 1.32277585 1.65346982 1.98416378 2.31485774 2.64555171 2.97624567 3.30693964 3.6376336 3.96832756 4.29902153 4.62971549 4.96040945 5.29110342 5.62179738 5.95249134 6.28318531
0.000000000000000000e+00 0.000000000000000000e+00 0.000000000000000000e+00 0.000000000000000000e+00 0.000000000000000000e+00 0.000000000000000000e+00 0.000000000000000000e+00 0.000000000000000000e+00 0.000000000000000000e+00 0.000000000000000000e+00 0.000000000000000000e+00 0.000000000000000000e+00 0.000000000000000000e+00 0.000000000000000000e+00 0.000000000000000000e+00 0.000000000000000000e+00 0.000000000000000000e+00 0.000000000000000000e+00 0.000000000000000000e+00 0.000000000000000000e+00
0.000000000000000000e+00 0.000000000000000000e+00 0.000000000000000000e+00 0.000000000000000000e+00 0.000000000000000000e+00 0.000000000000000000e+00 0.000000000000000000e+00 0.000000000000000000e+00 0.000000000000000000e+00 0.000000000000000000e+00 0.000000000000000000e+00 5.075126458049524111e-242 4.246069018981545016e-209 9.893587571959556503e-190 7.657678246804343250e-182 1.683561249572968413e-184 4.803707229227494084e-198 5.703944590829544019e-224 0.000000000000000000e+00 0.000000000000000000e+00
2.584245635373751396e-97 3.557782738246096672e-145 5.909235118370475624e-219 0.000000000000000000e+00 0.000000000000000000e+00 0.000000000000000000e+00 0.000000000000000000e+00 0.000000000000000000e+00 4.087613440877599418e-179 1.458535772477255375e-118 4.698144359949135876e-81 5.813297589570416338e-59 2.289516666595187395e-46 1.046121950729335015e-39 3.826551320650638426e-37 5.442046803455464220e-38 1.802421731298796002e-42 8.735228132472700156e-52 1.605098567658035156e-68 2.596560446428738087e-97
3.336906992958917896e-48 2.214155635427292725e-87 8.675738933805308265e-170 0.000000000000000000e+00 0.000000000000000000e+00 0.000000000000000000e+00 0.000000000000000000e+00 3.157104383057761556e-238 7.384738616727716484e-122 2.474356240085243259e-64 2.806108651347179792e-37 3.199920623373166193e-24 1.122676948714915666e-17 1.778383025158607827e-14 2.699255317306134809e-13 1.110896868678511407e-13 8.901084323964399853e-16 2.104464114879931273e-20 1.340165876841342166e-29 3.339201337738333200e-48
4.231831742360826019e-30 4.892170329709819545e-67 4.444312093660965755e-180 0.000000000000000000e+00 0.000000000000000000e+00 0.000000000000000000e+00 0.000000000000000000e+00 0.000000000000000000e+00 2.414759245663722515e-108 5.038692489077908746e-44 1.029763350781876326e-21 9.394841373529156517e-13 8.641092275000074414e-08 2.483543341282507947e-06 8.408313200021015792e-06 5.654907552276982452e-06 6.425980190688159319e-07 4.608377004245123203e-09 2.664921829251971806e-16 4.232104024694094475e-30
1.420584126624433019e-21 6.533123853806407783e-60 0.000000000000000000e+00 0.000000000000000000e+00 0.000000000000000000e+00 0.000000000000000000e+00 0.000000000000000000e+00 0.000000000000000000e+00 2.682103395885248788e-116 1.277741269477178918e-34 1.477049201133582665e-14 5.034754653703653344e-07 8.483136714830894897e-05 8.680872946567005401e-04 2.004351536621915876e-03 1.528022962138681417e-03 3.426027387634374794e-04 1.077108003113524678e-05 4.765716669611949529e-09 1.420584126624433019e-21
5.896956306546779041e-17 7.166054274023658520e-60 0.000000000000000000e+00 0.000000000000000000e+00 0.000000000000000000e+00 0.000000000000000000e+00 0.000000000000000000e+00 0.000000000000000000e+00 1.418302978681419907e-146 6.321952771587526921e-30 1.081912191413077707e-10 5.712615634825165514e-05 3.155329578564559229e-03 1.892573345272720656e-02 3.597537594989082960e-02 2.923381850776919991e-02 9.250876871595325318e-03 6.353016132335550896e-04 1.341102498842338605e-06 5.896359442234316115e-17
2.550149678135517835e-14 6.162707530147950295e-66 0.000000000000000000e+00 0.000000000000000000e+00 0.000000000000000000e+00 0.000000000000000000e+00 0.000000000000000000e+00 0.000000000000000000e+00 6.975132280089591960e-218 6.763640173619185441e-28 1.479756672929371175e-07 9.389647456715058014e-04 2.719370869214402311e-02 1.187368487146469725e-01 2.000605176395991724e-01 1.684393475838244503e-01 6.612293398267386768e-02 7.121458569591398134e-03 3.788028036809465638e-05 2.550445137965469848e-14
7.962480722979668333e-13 1.269664966250291763e-79 0.000000000000000000e+00 0.000000000000000000e+00 1.153964190176759779e-154 1.766389740742922439e-117 0.000000000000000000e+00 0.000000000000000000e+00 0.000000000000000000e+00 1.034654674660507651e-27 1.815133043912313885e-06 5.536563389459145910e-03 1.078464857671471711e-01 3.926729528192566820e-01 6.303279350402095638e-01 5.397478064010433618e-01 2.328049739590229428e-01 3.343544489527530694e-02 3.081042290162924377e-04 7.962480722979668333e-13
4.659530932642305288e-12 2.570281777371235347e-104 0.000000000000000000e+00 5.080494831782510852e-204 2.561940715577091011e-52 4.068097752029901879e-42 2.775132330549774089e-83 0.000000000000000000e+00 0.000000000000000000e+00 4.077070444413994984e-29 8.373759096428813015e-06 1.768279139595107727e-02 2.708223423127860130e-01 9.093637342456211137e-01 1.420133440198052766e+00 1.227595712810220174e+00 5.562620042451147384e-01 9.264540804248029560e-02 1.181419090273795993e-03 4.660167123880618926e-12
5.607486315758314376e-12 5.286306120455121426e-151 0.000000000000000000e+00 5.244615506353707660e-75 9.822110514126738895e-25 1.412235890309422526e-20 1.778223554528410384e-36 0.000000000000000000e+00 0.000000000000000000e+00 1.894283880684039997e-32 1.906089153880214138e-05 3.718792295849121521e-02 5.066971184092754488e-01 1.634862455289881167e+00 2.510191758530521788e+00 2.182038581437498959e+00 1.017403305891638965e+00 1.800775698483415566e-01 2.680308407121000710e-03 5.607056562751356051e-12
1.685856916263065218e-12 0.000000000000000000e+00 0.000000000000000000e+00 6.763139600174759642e-38 1.597802329136368752e-14 2.414756236920393930e-12 2.036258852139018713e-20 2.612041157249404539e-107 0.000000000000000000e+00 2.259021825718338189e-38 2.351828864334148830e-05 5.661154098347969538e-02 7.546656603127673835e-01 2.403185750122267983e+00 3.662489638573934059e+00 3.192971665080181154e+00 1.503969585898684569e+00 2.698552643806300111e-01 4.006142837447816685e-03 1.685739726458580627e-12
7.557739614133709723e-14 0.000000000000000000e+00 0.000000000000000000e+00 8.687023143235830370e-24 1.053420806344356220e-08 1.340019940062327224e-07 1.072793380474402054e-13 1.637920417608940778e-58 0.000000000000000000e+00 1.284996817026113534e-48 1.523699576035802711e-05 6.398563004464014048e-02 9.116248445471808459e-01 2.949027254091812100e+00 4.505197012162555303e+00 3.924462020276029861e+00 1.838359032538585014e+00 3.189594296461033540e-01 4.005532872096995330e-03 7.557739614133709723e-14
1.951147508824939486e-16 0.000000000000000000e+00 5.890817573118188789e-176 1.098268216634613347e-17 4.614253555556608743e-07 3.243198507321843629e-06 1.180137973249662297e-10 1.176221304357104248e-39 0.000000000000000000e+00 1.109677496066795775e-66 4.218455788956487879e-06 5.195621795580640523e-02 8.798130960219333607e-01 2.992479121824251909e+00 4.639591387995835703e+00 4.022665779214619874e+00 1.831302232941755426e+00 2.913102810716232116e-01 2.485292378859821176e-03 1.951147508824939486e-16
2.203845994034274608e-21 0.000000000000000000e+00 2.132454832596277964e-121 2.068909948170224840e-15 1.750813119698626929e-06 9.771994400310917640e-06 2.575346597047945128e-08 2.066723760998818420e-32 0.000000000000000000e+00 2.144169697992327696e-101 2.932954183674929876e-07 2.656560441063567091e-02 6.355045025601132602e-01 2.394460019705712650e+00 3.836897653792037843e+00 3.292560935013397749e+00 1.410173699108332901e+00 1.895329930630111348e-01 7.564659346322357564e-04 2.204426865937678631e-21
1.860745430849108400e-31 0.000000000000000000e+00 1.303310267183562538e-106 6.708997723673985533e-16 7.267769350329245406e-07 4.238902321027159722e-06 1.014145801729603066e-08 6.024436244966691383e-32 0.000000000000000000e+00 1.362737003383653410e-176 3.573142891210144872e-11 5.932900636136037575e-03 2.904577887316936446e-01 1.329955435205174341e+00 2.268999736286148039e+00 1.909211361474560720e+00 7.282400414896881280e-01 6.942809576824225670e-02 6.037469790677547015e-05 1.860684398346614799e-31
7.035889018221607348e-56 0.000000000000000000e+00 3.325554208914214388e-122 1.958300130077383108e-20 3.328691692261406216e-10 7.808597791806312959e-08 3.706536343869861103e-13 1.038654358888262254e-39 0.000000000000000000e+00 0.000000000000000000e+00 2.050212618730818654e-18 1.973287819386483578e-04 5.013125469856158367e-02 3.639487852360093756e-01 7.070441369109330410e-01 5.713058660035857939e-01 1.708838638554213418e-01 6.834247218138554854e-03 1.805885598085577909e-07 7.035889018221607348e-56
2.807564278980250274e-137 0.000000000000000000e+00 4.461678178443132698e-204 4.857199374761506437e-37 8.358620179312706776e-19 1.317555012999939037e-16 4.115160404064643775e-24 2.693802122543319801e-70 0.000000000000000000e+00 0.000000000000000000e+00 7.507332616747502005e-42 9.311149440527756570e-09 3.779811189907975738e-04 1.211313037157572652e-02 3.638982796119016178e-02 2.587665026628325343e-02 3.349770582707487909e-03 9.717763631953913519e-06 2.175542951165265505e-18 2.807564278980250274e-137
0.000000000000000000e+00 0.000000000000000000e+00 0.000000000000000000e+00 6.680982502298801969e-140 1.120677087173972301e-71 2.296074474475423771e-63 1.363038609583133781e-91 0.000000000000000000e+00 0.000000000000000000e+00 0.000000000000000000e+00 1.765219489909406886e-195 9.572542315946884526e-44 6.924728187980670547e-19 8.095722297829577306e-12 2.094073473442222636e-08 2.152618402916530441e-10 2.463004540501210624e-14 4.957573832723006237e-27 8.865597152358092237e-82 0.000000000000000000e+00
0.000000000000000000e+00 0.000000000000000000e+00 0.000000000000000000e+00 0.000000000000000000e+00 0.000000000000000000e+00 0.000000000000000000e+00 0.000000000000000000e+00 0.000000000000000000e+00 0.000000000000000000e+00 0.000000000000000000e+00 0.000000000000000000e+00 0.000000000000000000e+00 0.000000000000000000e+00 0.000000000000000000e+00 0.000000000000000000e+00 0.000000000000000000e+00 0.000000000000000000e+00 0.000000000000000000e+00 0.000000000000000000e+00 0.000000000000000000e+00
