211, -2.81574, -7.70668e-06, -0.313013, 1.21209, -1.49192, 2.70401, -0.00100164
211.001, -2.81574, 0.000298957, -0.313003, 1.21209, -1.49192, 2.70401, -0.00100165
211.006, -2.81574, 0.00167883, -0.31296, 1.21209, -1.49192, 2.70401, -0.00100172
211.026, -2.81576, 0.00788622, -0.312767, 1.21209, -1.49192, 2.704, -0.00100201
211.117, -2.81601, 0.0357997, -0.311898, 1.21208, -1.49189, 2.70397, -0.00100334
211.527, -2.82123, 0.16299, -0.308025, 1.21204, -1.49178, 2.70382, -0.00100931
212.081, -2.84204, 0.350459, -0.302885, 1.21199, -1.49163, 2.70361, -0.00101739
212.372, -2.86363, 0.464545, -0.300225, 1.21196, -1.49155, 2.7035, -0.00102165
212.63, -2.89452, 0.581433, -0.297888, 1.21193, -1.49148, 2.70341, -0.00102543
212.833, -2.93256, 0.688174, -0.296065, 1.21191, -1.49142, 2.70333, -0.00102841
213.015, -2.98535, 0.798973, -0.294436, 1.21189, -1.49137, 2.70326, -0.00103109
213.187, -3.06377, 0.917206, -0.292913, 1.21187, -1.49133, 2.70319, -0.00103362
213.371, -3.20249, 1.04917, -0.291297, 1.21185, -1.49128, 2.70312, -0.00103632
213.483, -3.32817, 1.11523, -0.290309, 1.21184, -1.49124, 2.70308, -0.00103799
213.629, -3.52695, 1.14551, -0.289042, 1.21182, -1.49121, 2.70302, -0.00104013
213.782, -3.72596, 1.09239, -0.287716, 1.2118, -1.49116, 2.70297, -0.00104238
213.935, -3.8696, 0.99121, -0.286397, 1.21178, -1.49112, 2.70291, -0.00104464
214.139, -3.98648, 0.848295, -0.284642, 1.21176, -1.49107, 2.70283, -0.00104767
214.398, -4.06674, 0.692661, -0.282443, 1.21173, -1.491, 2.70273, -0.0010515
214.711, -4.11852, 0.540701, -0.279805, 1.21169, -1.49091, 2.7026, -0.00105615
215.122, -4.15395, 0.381613, -0.276391, 1.21164, -1.4908, 2.70244, -0.00106225
215.613, -4.17479, 0.2257, -0.272376, 1.21158, -1.49067, 2.70225, -0.00106956
216.19, -4.18451, 0.0662539, -0.267745, 1.2115, -1.49051, 2.70202, -0.00107818
216.89, -4.18261, -0.116663, -0.262249, 1.21141, -1.49032, 2.70173, -0.00108868
217.817, -4.15391, -0.381419, -0.255177, 1.21128, -1.49007, 2.70135, -0.00110263
218.127, -4.13206, -0.4874, -0.252861, 1.21123, -1.48999, 2.70122, -0.00110732
218.426, -4.09874, -0.605191, -0.250648, 1.21119, -1.48991, 2.7011, -0.00111185
218.661, -4.05782, -0.712388, -0.248931, 1.21115, -1.48985, 2.701, -0.0011154
218.875, -4.00015, -0.824686, -0.247379, 1.21112, -1.48979, 2.70091, -0.00111865
219.082, -3.91051, -0.947307, -0.245879, 1.21109, -1.48974, 2.70082, -0.0011218
219.324, -3.73245, -1.08695, -0.244148, 1.21105, -1.48967, 2.70072, -0.00112548
219.477, -3.56894, -1.13899, -0.243061, 1.21102, -1.48963, 2.70065, -0.00112781
219.637, -3.38304, -1.12923, -0.241932, 1.211, -1.48959, 2.70059, -0.00113024
219.819, -3.20722, -1.04928, -0.240653, 1.21097, -1.48954, 2.70051, -0.00113302
220.011, -3.08294, -0.936696, -0.239312, 1.21094, -1.48949, 2.70043, -0.00113595
220.273, -2.98309, -0.790479, -0.237499, 1.2109, -1.48942, 2.70031, -0.00113994
220.594, -2.91617, -0.640327, -0.235292, 1.21084, -1.48933, 2.70017, -0.00114487
221.01, -2.87012, -0.485011, -0.232476, 1.21077, -1.48922, 2.69999, -0.00115124
221.538, -2.84013, -0.326765, -0.228952, 1.21068, -1.48908, 2.69976, -0.00115936
222.16, -2.82346, -0.171687, -0.224891, 1.21057, -1.48892, 2.69949, -0.00116894
222.897, -2.81738, -0.00790158, -0.220183, 1.21044, -1.48872, 2.69916, -0.00118034
223.808, -2.82487, 0.190396, -0.21452, 1.21027, -1.48848, 2.69875, -0.00119449
224.538, -2.84603, 0.365468, -0.210108, 1.21013, -1.48829, 2.69842, -0.00120587
224.953, -2.86883, 0.480621, -0.207643, 1.21005, -1.48818, 2.69823, -0.00121237
225.314, -2.90044, 0.595737, -0.205534, 1.20998, -1.48809, 2.69806, -0.00121801
225.605, -2.94037, 0.703788, -0.203845, 1.20992, -1.48801, 2.69793, -0.00122259
225.868, -2.99589, 0.815684, -0.20234, 1.20987, -1.48794, 2.69781, -0.00122671
226.119, -3.08031, 0.936487, -0.20091, 1.20982, -1.48787, 2.69769, -0.00123066
226.378, -3.22342, 1.06344, -0.199449, 1.20976, -1.48781, 2.69757, -0.00123474
226.546, -3.3578, 1.1261, -0.19851, 1.20973, -1.48776, 2.69749, -0.00123739
226.749, -3.55049, 1.14552, -0.197382, 1.20969, -1.48771, 2.6974, -0.00124059
226.969, -3.74262, 1.08655, -0.196166, 1.20964, -1.48765, 2.69729, -0.00124406
227.189, -3.87955, 0.985388, -0.194959, 1.20959, -1.4876, 2.69719, -0.00124754
227.491, -3.99366, 0.842061, -0.193316, 1.20953, -1.48752, 2.69705, -0.00125232
227.872, -4.07185, 0.687372, -0.191264, 1.20945, -1.48742, 2.69686, -0.00125837
228.34, -4.12283, 0.535112, -0.188782, 1.20935, -1.4873, 2.69664, -0.0012658
228.951, -4.15746, 0.376914, -0.185599, 1.20921, -1.48714, 2.69635, -0.00127553
229.679, -4.17774, 0.222617, -0.181886, 1.20905, -1.48695, 2.69599, -0.00128716
230.538, -4.1872, 0.0648666, -0.17762, 1.20885, -1.48673, 2.69557, -0.00130092
231.582, -4.18532, -0.115373, -0.172591, 1.2086, -1.48646, 2.69506, -0.00131773
232.952, -4.1584, -0.370183, -0.166244, 1.20827, -1.48611, 2.69437, -0.0013399
233.454, -4.13625, -0.480213, -0.16399, 1.20814, -1.48598, 2.69412, -0.00134805
233.925, -4.10304, -0.59917, -0.161903, 1.20802, -1.48586, 2.69388, -0.00135573
234.296, -4.06201, -0.707642, -0.160282, 1.20793, -1.48576, 2.69369, -0.00136178
234.634, -4.00424, -0.820776, -0.158827, 1.20784, -1.48568, 2.69352, -0.00136729
234.961, -3.91451, -0.944015, -0.157427, 1.20776, -1.48559, 2.69335, -0.00137265
235.342, -3.73688, -1.08388, -0.15582, 1.20766, -1.4855, 2.69315, -0.00137888
235.583, -3.57346, -1.1363, -0.15481, 1.20759, -1.48543, 2.69303, -0.00138284
235.835, -3.38765, -1.12697, -0.153765, 1.20753, -1.48537, 2.6929, -0.00138698
236.124, -3.21111, -1.047, -0.152576, 1.20745, -1.4853, 2.69275, -0.00139172
236.429, -3.08669, -0.934363, -0.151333, 1.20737, -1.48522, 2.69259, -0.00139674
236.846, -2.98679, -0.788055, -0.149653, 1.20725, -1.48511, 2.69237, -0.00140361
237.364, -2.91951, -0.636757, -0.147596, 1.20711, -1.48498, 2.6921, -0.00141217
238.032, -2.8737, -0.481454, -0.144991, 1.20693, -1.48481, 2.69174, -0.00142323
238.877, -2.84415, -0.324707, -0.141773, 1.20669, -1.4846, 2.69129, -0.00143726
239.873, -2.82775, -0.1717, -0.138092, 1.20641, -1.48435, 2.69076, -0.00145384
241.057, -2.82167, -0.0107847, -0.133857, 1.20606, -1.48406, 2.69012, -0.00147366
242.522, -2.82843, 0.181409, -0.128828, 1.20562, -1.48369, 2.68931, -0.00149829
244.037, -2.85627, 0.40061, -0.123861, 1.20516, -1.48331, 2.68847, -0.0015239
244.741, -2.88276, 0.521133, -0.121627, 1.20493, -1.48314, 2.68807, -0.00153586
245.304, -2.91629, 0.632154, -0.119876, 1.20476, -1.483, 2.68776, -0.00154543
245.791, -2.96115, 0.743021, -0.118385, 1.2046, -1.48288, 2.68748, -0.00155374
246.232, -3.02428, 0.857801, -0.117056, 1.20446, -1.48277, 2.68723, -0.00156126
246.682, -3.12875, 0.987324, -0.115716, 1.20431, -1.48266, 2.68697, -0.00156895
247.092, -3.2822, 1.09816, -0.114511, 1.20418, -1.48256, 2.68674, -0.00157597
247.423, -3.45245, 1.14911, -0.113549, 1.20407, -1.48248, 2.68655, -0.00158165
247.754, -3.63499, 1.13577, -0.112597, 1.20396, -1.4824, 2.68636, -0.00158733
248.129, -3.805, 1.05636, -0.111527, 1.20384, -1.48231, 2.68614, -0.00159378
248.54, -3.92927, 0.942904, -0.11037, 1.2037, -1.48221, 2.6859, -0.00160086
249.117, -4.03062, 0.792898, -0.108769, 1.2035, -1.48206, 2.68557, -0.00161081
249.824, -4.09713, 0.641522, -0.106846, 1.20326, -1.48189, 2.68516, -0.00162301
250.735, -4.14239, 0.48718, -0.104426, 1.20295, -1.48167, 2.68462, -0.00163879
251.886, -4.17171, 0.332473, -0.101459, 1.20255, -1.48139, 2.68394, -0.0016588
253.246, -4.18832, 0.18215, -0.0980812, 1.20207, -1.48106, 2.68313, -0.00168253
254.869, -4.19505, 0.0255431, -0.0942212, 1.20148, -1.48067, 2.68215, -0.00171098
256.871, -4.19004, -0.15718, -0.0897037, 1.20073, -1.48019, 2.68093, -0.00174627
259.517, -4.15605, -0.419833, -0.0841198, 1.19972, -1.47957, 2.67929, -0.0017932
260.368, -4.13286, -0.519511, -0.0824099, 1.19939, -1.47936, 2.67875, -0.00180839
261.285, -4.09415, -0.641616, -0.0806154, 1.19903, -1.47915, 2.67818, -0.00182477
262.017, -4.04534, -0.754043, -0.079215, 1.19874, -1.47898, 2.67771, -0.00183788
262.7, -3.97385, -0.872891, -0.0779337, 1.19846, -1.47882, 2.67728, -0.00185014
263.571, -3.81473, -1.0338, -0.0763347, 1.19811, -1.47861, 2.67672, -0.00186582
263.982, -3.70018, -1.09643, -0.0755941, 1.19794, -1.47851, 2.67646, -0.00187322
264.567, -3.50018, -1.13232, -0.0745541, 1.1977, -1.47838, 2.67608, -0.00188377
265.152, -3.30696, -1.08697, -0.0735309, 1.19746, -1.47824, 2.6757, -0.00189434
265.737, -3.16417, -0.993922, -0.0725241, 1.19722, -1.47811, 2.67532, -0.00190492
266.526, -3.04497, -0.857843, -0.071193, 1.19689, -1.47792, 2.67481, -0.00191921
267.558, -2.96011, -0.703189, -0.0694937, 1.19645, -1.47768, 2.67414, -0.00193796
268.854, -2.90471, -0.548829, -0.0674275, 1.1959, -1.47738, 2.67328, -0.00196156
270.522, -2.86834, -0.393387, -0.0648717, 1.19517, -1.477, 2.67218, -0.00199206
272.523, -2.84699, -0.244387, -0.0619567, 1.19429, -1.47654, 2.67084, -0.00202877
274.901, -2.83633, -0.0957078, -0.0586906, 1.19322, -1.476, 2.66922, -0.0020726
277.798, -2.83535, 0.0663481, -0.0549805, 1.19188, -1.47535, 2.66723, -0.00212631
281.468, -2.84913, 0.267617, -0.0506692, 1.19014, -1.47453, 2.66467, -0.00219479
284.621, -2.87944, 0.458629, -0.0472812, 1.1886, -1.47383, 2.66244, -0.00225396
286.345, -2.90956, 0.579664, -0.0455417, 1.18775, -1.47345, 2.6612, -0.00228644
287.783, -2.94871, 0.695189, -0.0441481, 1.18702, -1.47314, 2.66016, -0.0023136
289.047, -3.00193, 0.811404, -0.042964, 1.18638, -1.47286, 2.65924, -0.00233754
290.23, -3.08019, 0.933766, -0.0418899, 1.18577, -1.47261, 2.65838, -0.00235997
291.532, -3.2233, 1.07397, -0.0407437, 1.1851, -1.47232, 2.65742, -0.00238471
292.343, -3.35553, 1.14432, -0.0400493, 1.18467, -1.47215, 2.65682, -0.00240013
293.35, -3.5557, 1.17448, -0.0392051, 1.18414, -1.47193, 2.65608, -0.00241932
294.423, -3.75467, 1.12116, -0.0383295, 1.18358, -1.4717, 2.65528, -0.00243977
295.495, -3.89628, 1.02213, -0.0374769, 1.18301, -1.47147, 2.65448, -0.00246026
297.004, -4.01528, 0.878257, -0.0363151, 1.18219, -1.47115, 2.65334, -0.00248911
298.994, -4.09777, 0.719947, -0.0348467, 1.18111, -1.47073, 2.65184, -0.00252725
301.45, -4.1501, 0.569069, -0.03313, 1.17975, -1.47021, 2.64996, -0.00257442
304.603, -4.18485, 0.421094, -0.0310697, 1.17798, -1.46955, 2.64753, -0.00263516
308.416, -4.20629, 0.282004, -0.0287772, 1.17579, -1.46876, 2.64455, -0.00270881
313.023, -4.21854, 0.146557, -0.0262677, 1.17307, -1.46781, 2.64088, -0.00279807
318.69, -4.22305, 0.00666394, -0.0235267, 1.16963, -1.46667, 2.6363, -0.00290816
325.819, -4.21817, -0.148584, -0.0205439, 1.16514, -1.46525, 2.63039, -0.00304692
334.892, -4.1964, -0.33507, -0.0173702, 1.15918, -1.46349, 2.62267, -0.00322359
344.789, -4.14413, -0.545077, -0.0145475, 1.15237, -1.46161, 2.61398, -0.00341588
351.143, -4.08231, -0.690818, -0.0130216, 1.14783, -1.46043, 2.60826, -0.00353879
357.203, -3.98518, -0.836601, -0.0117401, 1.14337, -1.45932, 2.60269, -0.00365549
363.646, -3.81665, -0.976485, -0.0105387, 1.1385, -1.45816, 2.59666, -0.00377879
368.945, -3.62752, -1.03626, -0.0096594, 1.13438, -1.45723, 2.59161, -0.0038795
374.243, -3.439, -1.01775, -0.00886621, 1.13018, -1.4563, 2.58648, -0.0039795
380.873, -3.26767, -0.927523, -0.00798059, 1.12479, -1.45516, 2.57995, -0.00410348
388.839, -3.14977, -0.806078, -0.00705255, 1.11811, -1.45381, 2.57192, -0.00425058
397.276, -3.08195, -0.697654, -0.00620725, 1.1108, -1.45242, 2.56322, -0.00440385
409.822, -3.02941, -0.575396, -0.00516441, 1.09947, -1.4504, 2.54987, -0.00462637
425.862, -2.99743, -0.464867, -0.00412264, 1.08417, -1.4479, 2.53207, -0.00490013
447.429, -2.9784, -0.363408, -0.00309538, 1.06208, -1.4447, 2.50678, -0.00524651
475.91, -2.9689, -0.275174, -0.00217719, 1.03008, -1.44072, 2.47079, -0.00566058
512.417, -2.96565, -0.202998, -0.00144373, 0.983871, -1.43599, 2.41987, -0.00611139
560.488, -2.96592, -0.144853, -0.000893478, 0.912883, -1.43037, 2.34326, -0.00656218
623.682, -2.9679, -0.101186, -0.000519886, 0.798689, -1.42391, 2.22259, -0.00693122
705.985, -2.9704, -0.0725634, -0.000287418, 0.606878, -1.41685, 2.02373, -0.00719711
811.177, -2.97269, -0.0602477, -0.000145838, 0.286069, -1.4098, 1.69587, -0.00784925
951.625, -2.97417, -0.0624161, -5.40439e-05, -0.196547, -1.40333, 1.20678, -0.0115474
1109.22, -2.97438, -0.0667533, -1.69638e-05, -0.612025, -1.39953, 0.787509, -0.0238135
1275.85, -2.97412, -0.0685649, -7.75198e-06, -0.867841, -1.39902, 0.531182, -0.0492796
1518.94, -2.97367, -0.0692194, 1.34488e-07, -1.05971, -1.40393, 0.344213, -0.102263
1762.03, -2.97386, -0.069185, 1.95773e-07, -1.15561, -1.41454, 0.25893, -0.149624
2203.71, -2.97425, -0.0691615, 1.26313e-07, -1.22448, -1.44447, 0.219993, -0.157422
2283.38, -2.97433, -0.0691577, 1.47508e-07, -1.227, -1.45082, 0.223821, -0.147085
