1, 0.12149, -0, -1.56773e-08, -1.44931, -1.25477, -0.194535
1.001, 0.12149, -1.3382e-15, -1.56639e-08, -1.44922, -1.25477, -0.194451
1.0055, 0.12149, -4.00624e-14, -1.5604e-08, -1.44884, -1.25477, -0.194074
1.02575, 0.12149, -8.61236e-13, -1.53393e-08, -1.44715, -1.25476, -0.192396
1.11687, 0.12149, -1.63753e-11, -1.42451e-08, -1.43996, -1.2547, -0.185262
1.52694, 0.12149, -2.4297e-10, -1.07599e-08, -1.41421, -1.25445, -0.15976
3.37222, 0.12149, -2.04675e-09, -5.91897e-09, -1.3593, -1.25333, -0.105974
11.676, 0.12149, -2.36621e-08, -2.45626e-08, -1.31235, -1.24821, -0.0641401
37.0191, 0.12149, -2.99501e-05, -2.27555e-05, -1.29918, -1.23185, -0.0673259
59.7909, 0.121498, -0.00159057, -0.000716213, -1.29909, -1.21614, -0.0829549
77.4342, 0.121905, -0.0113087, -0.00355908, -1.30025, -1.20324, -0.097014
83.76, 0.122741, -0.019561, -0.00547273, -1.30078, -1.19845, -0.102337
94.2762, 0.127459, -0.0422554, -0.00987968, -1.30175, -1.19028, -0.111478
102.849, 0.138823, -0.0703932, -0.0145603, -1.3026, -1.18342, -0.119187
111.083, 0.163005, -0.103782, -0.0198195, -1.30346, -1.17666, -0.126804
117.363, 0.195112, -0.128767, -0.0241986, -1.30413, -1.17138, -0.132755
123.352, 0.239063, -0.145031, -0.0285569, -1.30479, -1.16624, -0.138543
129.74, 0.297724, -0.143883, -0.0332822, -1.3055, -1.16066, -0.14484
134.25, 0.340904, -0.126017, -0.0366021, -1.30601, -1.15664, -0.149365
139.286, 0.382226, -0.0873262, -0.0402351, -1.30658, -1.15208, -0.154493
144.322, 0.406902, -0.0314809, -0.0437411, -1.30716, -1.14745, -0.159705
148.122, 0.409174, 0.0177719, -0.0462744, -1.3076, -1.1439, -0.163694
152.199, 0.392318, 0.0714261, -0.0488639, -1.30807, -1.14004, -0.168028
155.676, 0.360882, 0.11176, -0.0509536, -1.30848, -1.13671, -0.171769
159.153, 0.314913, 0.140241, -0.0529238, -1.30889, -1.13333, -0.175552
162.63, 0.259143, 0.150257, -0.0547666, -1.3093, -1.12992, -0.179378
166.107, 0.202037, 0.137713, -0.0564756, -1.30971, -1.12646, -0.183248
169.232, 0.157854, 0.107684, -0.0578934, -1.31008, -1.12332, -0.186763
172.357, 0.126898, 0.0637153, -0.0591967, -1.31045, -1.12014, -0.190315
175.594, 0.113143, 0.00935206, -0.060424, -1.31084, -1.11681, -0.194033
178.831, 0.120381, -0.047086, -0.0615256, -1.31123, -1.11344, -0.19779
181.715, 0.144911, -0.0928334, -0.0624011, -1.31157, -1.1104, -0.201173
184.599, 0.18494, -0.127959, -0.0631772, -1.31192, -1.10733, -0.204587
187.483, 0.236206, -0.146464, -0.0638548, -1.31227, -1.10423, -0.208035
190.367, 0.291429, -0.14433, -0.0644352, -1.31261, -1.1011, -0.211517
193.251, 0.341848, -0.121436, -0.0649202, -1.31296, -1.09793, -0.215033
196.134, 0.379873, -0.0816625, -0.0653118, -1.31331, -1.09473, -0.218584
199.018, 0.400694, -0.0311315, -0.0656122, -1.31366, -1.09149, -0.22217
201.902, 0.402102, 0.0234964, -0.0658242, -1.31401, -1.08822, -0.225792
204.786, 0.383758, 0.0755328, -0.0659505, -1.31436, -1.08491, -0.22945
207.67, 0.34716, 0.118066, -0.0659942, -1.31472, -1.08157, -0.233145
210.554, 0.296489, 0.144294, -0.0659583, -1.31507, -1.07819, -0.236878
213.438, 0.239195, 0.149235, -0.0658461, -1.31542, -1.07477, -0.240649
216.322, 0.184698, 0.131966, -0.0656611, -1.31577, -1.07131, -0.244458
219.206, 0.14145, 0.096113, -0.0654067, -1.31612, -1.06782, -0.248307
222.089, 0.114821, 0.0480037, -0.0650863, -1.31648, -1.06428, -0.252195
224.973, 0.107118, -0.00551092, -0.0647035, -1.31683, -1.06071, -0.256124
227.857, 0.118583, -0.0579307, -0.0642618, -1.31719, -1.05709, -0.260095
230.741, 0.147876, -0.102976, -0.0637647, -1.31754, -1.05343, -0.264107
233.625, 0.191669, -0.134584, -0.0632157, -1.31789, -1.04973, -0.268162
236.509, 0.244088, -0.147892, -0.0626183, -1.31825, -1.04599, -0.27226
239.393, 0.297279, -0.140952, -0.0619759, -1.3186, -1.0422, -0.276402
242.277, 0.343457, -0.115635, -0.0612917, -1.31896, -1.03837, -0.280589
245.161, 0.376994, -0.0766626, -0.060569, -1.31931, -1.03449, -0.284821
248.326, 0.395886, -0.024942, -0.0597352, -1.3197, -1.03018, -0.28952
251.491, 0.395121, 0.0292044, -0.058863, -1.32009, -1.02582, -0.294275
254.657, 0.375553, 0.0793122, -0.0579561, -1.32048, -1.0214, -0.299088
257.822, 0.339633, 0.119354, -0.0570185, -1.32087, -1.01692, -0.303959
260.987, 0.291861, 0.144027, -0.0560537, -1.32127, -1.01237, -0.308891
264.153, 0.238871, 0.14998, -0.0550651, -1.32166, -1.00777, -0.313883
267.431, 0.186548, 0.136338, -0.05402, -1.32206, -1.00294, -0.319119
270.708, 0.143806, 0.106051, -0.0529564, -1.32247, -0.998044, -0.324422
273.986, 0.114913, 0.064616, -0.0518777, -1.32287, -0.993077, -0.329795
277.587, 0.101004, 0.0129552, -0.0506791, -1.32332, -0.987539, -0.335778
281.188, 0.105531, -0.0388121, -0.0494698, -1.32376, -0.981914, -0.341848
284.788, 0.126854, -0.0850752, -0.0482535, -1.32421, -0.976201, -0.348006
288.389, 0.162048, -0.120907, -0.0470336, -1.32465, -0.970397, -0.354256
292.184, 0.209232, -0.143072, -0.0457473, -1.32512, -0.96418, -0.360943
296.202, 0.263037, -0.146622, -0.0443889, -1.32562, -0.957483, -0.368136
300.219, 0.312738, -0.130788, -0.0430371, -1.32612, -0.950667, -0.37545
304.236, 0.352119, -0.0998757, -0.0416954, -1.32661, -0.943726, -0.382888
308.615, 0.379575, -0.0555576, -0.0402479, -1.32716, -0.936017, -0.391139
313.192, 0.390118, -0.00444812, -0.038755, -1.32772, -0.927794, -0.399929
317.769, 0.383228, 0.0454648, -0.037286, -1.32829, -0.919397, -0.408892
322.346, 0.361201, 0.0892811, -0.035844, -1.32886, -0.910822, -0.418033
327.27, 0.324304, 0.12515, -0.0343258, -1.32946, -0.901394, -0.428071
332.432, 0.276514, 0.146676, -0.0327735, -1.3301, -0.891273, -0.43883
338.022, 0.222161, 0.15007, -0.0311414, -1.33079, -0.880038, -0.450757
343.611, 0.172851, 0.13504, -0.0295621, -1.33149, -0.868505, -0.462981
349.403, 0.132668, 0.105332, -0.0279833, -1.3322, -0.856227, -0.475975
355.702, 0.104209, 0.0637641, -0.0263347, -1.33298, -0.842487, -0.490493
362.53, 0.0909151, 0.0151177, -0.0246287, -1.33382, -0.827116, -0.506708
369.637, 0.0939259, -0.0333687, -0.0229437, -1.3347, -0.810575, -0.524126
377.168, 0.111974, -0.0776806, -0.0212579, -1.33563, -0.792415, -0.543215
385.294, 0.143488, -0.113846, -0.0195528, -1.33663, -0.772066, -0.564566
394.184, 0.185707, -0.137657, -0.0178188, -1.33773, -0.748864, -0.588863
404.207, 0.234826, -0.145566, -0.0160228, -1.33896, -0.721479, -0.617482
414.704, 0.280702, -0.136697, -0.014313, -1.34025, -0.691335, -0.648916
426.206, 0.319889, -0.114083, -0.0126283, -1.34166, -0.656507, -0.685156
439.529, 0.350052, -0.0800449, -0.0109042, -1.3433, -0.613712, -0.729584
455.079, 0.368118, -0.0386423, -0.00917046, -1.3452, -0.560291, -0.784909
472.58, 0.373095, 0.00363311, -0.00753415, -1.34734, -0.495542, -0.851795
493.18, 0.366779, 0.0442424, -0.00597168, -1.34985, -0.412995, -0.936851
518.201, 0.351112, 0.0805624, -0.00450473, -1.35288, -0.303869, -1.04901
549.886, 0.328664, 0.110709, -0.00316705, -1.35671, -0.153813, -1.2029
591.284, 0.303182, 0.133308, -0.00203298, -1.36169, 0.0538144, -1.4155
648.735, 0.278162, 0.148936, -0.00116293, -1.36854, 0.335192, -1.70373
727.574, 0.257303, 0.158796, -0.000636748, -1.37785, 0.65266, -2.03051
855.548, 0.237436, 0.166646, -0.000379187, -1.39272, 0.977323, -2.37005
1006.16, 0.220109, 0.173041, -0.000316637, -1.40991, 1.17999, -2.58991
1205.14, 0.199357, 0.180655, -0.000287416, -1.43224, 1.32203, -2.75427
1441.38, 0.176783, 0.189287, -0.000261579, -1.45846, 1.41574, -2.8742
1593.16, 0.164562, 0.194393, -0.000193096, -1.47534, 1.45588, -2.93122
1780.59, 0.158436, 0.197384, -2.26005e-05, -1.49644, 1.4935, -2.98994
1844.61, 0.158265, 0.197492, 1.17712e-06, -1.50375, 1.50423, -3.00799
