481, 0.891461, 0.0145275, -0.0908209, -0.67946, 1.327, -2.00646
481.001, 0.891458, 0.0145275, -0.09082, -0.679463, 1.327, -2.00646
481.005, 0.891446, 0.0145276, -0.0908163, -0.679474, 1.327, -2.00648
481.026, 0.891393, 0.0145281, -0.0907996, -0.679526, 1.32701, -2.00654
481.117, 0.891152, 0.0145301, -0.0907246, -0.679762, 1.32706, -2.00682
481.527, 0.890073, 0.014538, -0.0903877, -0.68082, 1.32728, -2.0081
483.372, 0.885259, 0.0145578, -0.0888876, -0.685568, 1.32824, -2.01381
489.275, 0.870366, 0.0146119, -0.0842576, -0.700591, 1.3313, -2.03189
495.178, 0.856069, 0.0149825, -0.0798751, -0.715363, 1.33432, -2.04969
501.345, 0.841343, 0.0158213, -0.0755475, -0.730529, 1.33744, -2.06797
508.755, 0.823537, 0.0170687, -0.0706676, -0.748393, 1.34114, -2.08954
518.196, 0.800873, 0.0182533, -0.064921, -0.770596, 1.34578, -2.11637
527.638, 0.779035, 0.0188429, -0.059662, -0.79218, 1.35033, -2.14251
537.079, 0.75839, 0.0194252, -0.0548499, -0.813157, 1.35479, -2.16795
546.521, 0.738619, 0.020467, -0.0504469, -0.833537, 1.35918, -2.19271
555.962, 0.719268, 0.0219361, -0.046418, -0.853334, 1.36348, -2.21682
567.1, 0.696743, 0.0238002, -0.0421029, -0.875959, 1.36847, -2.24442
581.826, 0.667783, 0.0259005, -0.0370474, -0.904699, 1.37489, -2.27959
596.552, 0.640358, 0.027606, -0.0326421, -0.932157, 1.38115, -2.3133
611.279, 0.614647, 0.0293595, -0.0288006, -0.958392, 1.38723, -2.34563
626.005, 0.590416, 0.0314684, -0.025448, -0.983464, 1.39316, -2.37663
641.301, 0.56649, 0.0340684, -0.0224137, -1.00834, 1.39915, -2.40749
658.589, 0.540716, 0.0373455, -0.0194557, -1.0351, 1.40574, -2.44084
678.289, 0.512878, 0.0412717, -0.0166012, -1.06396, 1.413, -2.47696
700.534, 0.483426, 0.0457661, -0.0139248, -1.09461, 1.42091, -2.51552
725.302, 0.45314, 0.0508065, -0.0114975, -1.12652, 1.42938, -2.5559
752.901, 0.422422, 0.0565371, -0.00933584, -1.15959, 1.43842, -2.59801
784.156, 0.391224, 0.0632539, -0.00742213, -1.19421, 1.44818, -2.6424
820.371, 0.359373, 0.0713422, -0.00573745, -1.23102, 1.45891, -2.68994
863.45, 0.326774, 0.0812492, -0.0042716, -1.27082, 1.47093, -2.74175
916.37, 0.293479, 0.0934982, -0.00302028, -1.31473, 1.48469, -2.79942
980.722, 0.261326, 0.107943, -0.00202523, -1.36211, 1.5001, -2.86221
1058.99, 0.231975, 0.124137, -0.00128297, -1.4128, 1.51712, -2.92992
1157.55, 0.206239, 0.141726, -0.000752666, -1.46857, 1.53628, -3.00485
1288.19, 0.184933, 0.16009, -0.000395457, -1.53295, 1.55845, -3.0914
1478.81, 0.168594, 0.178541, -0.000173432, 1.52637, -1.55599, 3.08236
1759.96, 0.158611, 0.194378, -6.50546e-05, 1.41507, -1.52421, 2.93928
1844.61, 0.15708, 0.197606, -5.13016e-05, 1.38163, -1.51611, 2.89774
