101, -0.00256993, -2.36013e-05, -0.605821, -1.53878, -1.12224, -0.41654, -0.0118138
101.001, -0.00256987, -6.54686e-05, -0.605785, -1.53878, -1.12223, -0.416557, -0.0118139
101.005, -0.00256899, -0.000253839, -0.605621, -1.53878, -1.12215, -0.416634, -0.0118143
101.026, -0.00255234, -0.00110073, -0.604886, -1.53878, -1.1218, -0.416978, -0.011816
101.117, -0.00222344, -0.00488423, -0.601586, -1.53877, -1.12024, -0.418533, -0.011824
101.501, 0.00343333, -0.0194927, -0.587854, -1.53874, -1.11355, -0.425191, -0.0118574
101.885, 0.01465, -0.0299545, -0.574404, -1.53871, -1.10669, -0.432022, -0.0118908
102.293, 0.0298771, -0.0346007, -0.560419, -1.53868, -1.09921, -0.439474, -0.0119263
102.723, 0.0459909, -0.0317779, -0.546006, -1.53865, -1.09109, -0.447558, -0.0119636
103.153, 0.0587373, -0.0222265, -0.531926, -1.53862, -1.08274, -0.455884, -0.0120009
103.584, 0.0657667, -0.00841455, -0.518172, -1.53859, -1.07413, -0.464462, -0.0120382
104.057, 0.0658384, 0.00812727, -0.503412, -1.53855, -1.06435, -0.474202, -0.0120792
104.53, 0.0585387, 0.0224447, -0.489028, -1.53852, -1.05425, -0.484274, -0.0121202
105.003, 0.0459699, 0.0317238, -0.475014, -1.53849, -1.04379, -0.494694, -0.0121611
105.501, 0.0302506, 0.0344754, -0.460653, -1.53845, -1.0324, -0.506053, -0.0122041
106.016, 0.0149486, 0.0298217, -0.446211, -1.53842, -1.02017, -0.518246, -0.0122486
106.532, 0.0036783, 0.0191882, -0.432175, -1.53838, -1.00747, -0.530913, -0.012293
107.068, -0.00182381, 0.00457174, -0.417976, -1.53835, -0.993711, -0.544639, -0.0123392
107.647, -0.000119817, -0.0116164, -0.403121, -1.53831, -0.978221, -0.560092, -0.0123891
108.226, 0.00837904, -0.024857, -0.38874, -1.53828, -0.96203, -0.576248, -0.0124388
108.805, 0.0213377, -0.0328133, -0.374818, -1.53824, -0.945097, -0.593146, -0.0124886
109.443, 0.03739, -0.0343492, -0.359992, -1.53821, -0.925524, -0.612681, -0.0125433
110.081, 0.051866, -0.0288337, -0.34569, -1.53817, -0.904938, -0.63323, -0.012598
110.719, 0.0621694, -0.0181223, -0.331897, -1.53813, -0.883277, -0.654856, -0.0126527
111.425, 0.0671364, -0.00322597, -0.317215, -1.53809, -0.857988, -0.680106, -0.012713
112.176, 0.0649359, 0.0125441, -0.302226, -1.53805, -0.829435, -0.708619, -0.0127772
112.927, 0.0564624, 0.0251329, -0.28787, -1.53802, -0.79908, -0.738936, -0.0128413
113.719, 0.0433644, 0.0328745, -0.273397, -1.53798, -0.765007, -0.77297, -0.0129088
114.591, 0.0275431, 0.0341111, -0.258201, -1.53794, -0.72483, -0.813105, -0.0129831
115.463, 0.0135863, 0.0286213, -0.243757, -1.5379, -0.681725, -0.85617, -0.0130572
116.388, 0.00329658, 0.0177344, -0.22923, -1.53785, -0.632648, -0.905207, -0.0131358
117.393, -0.0014402, 0.00322809, -0.214319, -1.53781, -0.575217, -0.962596, -0.013221
118.484, 0.000592708, -0.0121002, -0.199098, -1.53777, -0.507851, -1.02992, -0.0133134
119.576, 0.00831209, -0.0242583, -0.18484, -1.53773, -0.435304, -1.10243, -0.0134057
120.792, 0.0207217, -0.0324044, -0.170025, -1.53769, -0.348677, -1.18901, -0.0135083
122.167, 0.0359308, -0.0345893, -0.154534, -1.53764, -0.244149, -1.29349, -0.0136243
123.62, 0.0500186, -0.0303298, -0.139525, -1.5376, -0.127986, -1.40961, -0.0137465
125.195, 0.0608284, -0.0209555, -0.124726, -1.53756, 0.00121984, -1.53878, -0.0138787
126.99, 0.0669694, -0.00789717, -0.109546, -1.53752, 0.147646, -1.68516, -0.0140292
129.055, 0.0672683, 0.00650459, -0.0940984, -1.53748, 0.307644, -1.84512, -0.0142019
131.32, 0.0622217, 0.0189742, -0.079376, -1.53744, 0.465444, -2.00289, -0.0143908
133.954, 0.0531711, 0.0283065, -0.0648065, -1.53742, 0.621373, -2.15879, -0.01461
137.199, 0.0415595, 0.033562, -0.0500924, -1.5374, 0.774363, -2.31176, -0.0148792
141.243, 0.0297284, 0.0343456, -0.0358675, -1.5374, 0.91646, -2.45386, -0.0152136
146.23, 0.0200321, 0.0318508, -0.0232287, -1.53744, 1.04013, -2.57757, -0.0156243
152.763, 0.0131814, 0.0280206, -0.0125989, -1.53756, 1.14901, -2.68656, -0.0161596
161.853, 0.00923185, 0.0247288, -0.00490975, -1.53782, 1.24525, -2.78307, -0.0169001
175.236, 0.00761106, 0.0230736, -0.00109148, -1.53842, 1.32952, -2.86794, -0.0179821
196.021, 0.00701008, 0.0224247, -0.000674865, -1.53979, 1.40199, -2.94178, -0.0196445
223.043, 0.00501639, 0.0202143, -0.00328411, -1.54225, 1.45382, -2.99607, -0.0217737
246.758, 0.000818801, 0.0142746, -0.00711846, -1.54495, 1.48243, -3.02738, -0.0236099
266.809, -0.00256115, 0.00531205, -0.0102508, -1.54758, 1.50031, -3.04789, -0.0251348
288.021, -0.00204701, -0.006699, -0.012758, -1.55067, 1.51536, -3.06603, -0.0267158
305.086, 0.00323883, -0.0151918, -0.0140192, -1.55336, 1.52549, -3.07886, -0.0279601
323.086, 0.0126676, -0.0194203, -0.0146508, -1.55639, 1.53478, -3.09117, -0.0292422
341.085, 0.0227987, -0.0167538, -0.0146785, -1.5596, 1.54297, -3.10257, -0.0304893
359.085, 0.0297385, -0.00781735, -0.0142441, -1.56298, 1.5503, -3.11328, -0.0316975
377.085, 0.0310038, 0.00458038, -0.0134863, -1.56652, 1.55693, -3.12346, -0.0328627
395.93, 0.025984, 0.0176299, -0.0124766, -1.5704, 1.56327, -3.13368, -0.0340323
414.775, 0.0161403, 0.0279841, -0.0113533, 4.70873, 1.5691, 3.13964, -0.0351456
435.487, 0.00263558, 0.0349007, -0.0100837, 1.5625, -1.56659, 3.12909, -0.0362988
459.782, -0.0132441, 0.0375602, -0.00864205, 1.55679, -1.56022, 3.11701, -0.0375497
486.238, -0.027873, 0.0360951, -0.00720577, 1.55027, -1.55385, 3.10412, -0.0387763
516.915, -0.0403449, 0.0321487, -0.00576488, 1.54227, -1.54708, 3.08935, -0.0400071
555.18, -0.0503238, 0.0275421, -0.00431601, 1.53163, -1.53939, 3.07102, -0.0412306
601.742, -0.0573081, 0.024743, -0.00301469, 1.51757, -1.53098, 3.04855, -0.0422171
660.079, -0.0621773, 0.0253932, -0.00193099, 1.49801, -1.5216, 3.01961, -0.0426256
738.827, -0.0659071, 0.0305182, -0.00109205, 1.46735, -1.51057, 2.97793, -0.0416745
860.049, -0.0691127, 0.0416816, -0.000514059, 1.40656, -1.49644, 2.903, -0.0370408
1061.7, -0.0722361, 0.0625869, -0.000221603, 1.23291, -1.47867, 2.71159, -0.0236988
1154.98, -0.0734318, 0.0738898, -0.000176057, 1.08526, -1.47241, 2.55767, -0.0170372
1290.96, -0.0742574, 0.093722, -0.000150665, 0.682909, -1.46518, 2.14809, -0.00954218
1381.56, -0.0729286, 0.104932, -0.000127512, 0.224955, -1.46151, 1.68646, -0.00767164
1472.16, -0.0708948, 0.106089, -7.724e-05, -0.271021, -1.45869, 1.18767, -0.00955445
1562.76, -0.0699445, 0.102596, -4.07905e-05, -0.626133, -1.45669, 0.830557, -0.0157792
1684.18, -0.0693773, 0.099058, -2.01455e-05, -0.893396, -1.45521, 0.561815, -0.0306589
1843.89, -0.0689488, 0.0978008, -1.11038e-07, -1.06824, -1.45524, 0.386996, -0.0581883
2003.59, -0.0691121, 0.0978923, 7.18294e-07, -1.15969, -1.45732, 0.297638, -0.0879256
2256.15, -0.0695312, 0.0979885, 3.16891e-07, -1.23432, -1.4643, 0.22998, -0.122607
2283.38, -0.0695752, 0.0979947, 2.96655e-07, -1.23943, -1.46529, 0.225861, -0.124782
