60, 0.0535052, -0.00764442, -5.01595, -1.4947, 1.40855, -2.90326, -0.00217672
60, 0.0535053, -0.00764464, -5.01595, -1.4947, 1.40855, -2.90326, -0.00217672
60, 0.0535056, -0.00764566, -5.01595, -1.4947, 1.40855, -2.90326, -0.00217672
60, 0.0535072, -0.00765025, -5.01595, -1.4947, 1.40855, -2.90326, -0.00217672
60.0001, 0.0535142, -0.00767089, -5.01594, -1.4947, 1.40856, -2.90326, -0.00217672
60.0005, 0.0535459, -0.00776369, -5.01591, -1.4947, 1.40856, -2.90326, -0.00217674
60.0024, 0.0536933, -0.00817962, -5.01578, -1.4947, 1.40856, -2.90326, -0.0021768
60.0107, 0.0544508, -0.0100145, -5.01521, -1.49471, 1.40858, -2.90329, -0.00217706
60.048, 0.0596143, -0.0172383, -5.01261, -1.49472, 1.40868, -2.9034, -0.00217826
60.0983, 0.06997, -0.0230394, -5.00911, -1.49474, 1.40881, -2.90355, -0.00217987
60.1485, 0.0818319, -0.0231144, -5.00562, -1.49476, 1.40894, -2.9037, -0.00218148
60.1987, 0.0922477, -0.0174559, -5.00212, -1.49478, 1.40908, -2.90385, -0.00218309
60.2489, 0.0986413, -0.0074836, -4.99862, -1.4948, 1.40921, -2.904, -0.00218471
60.3013, 0.099352, 0.00482673, -4.99496, -1.49482, 1.40934, -2.90416, -0.00218639
60.3536, 0.0938263, 0.0158544, -4.99131, -1.49484, 1.40948, -2.90432, -0.00218807
60.4059, 0.083535, 0.0226631, -4.98766, -1.49486, 1.40962, -2.90447, -0.00218975
60.4583, 0.0712213, 0.0234376, -4.984, -1.49488, 1.40975, -2.90463, -0.00219143
60.5106, 0.0601696, 0.0179826, -4.98034, -1.4949, 1.40989, -2.90479, -0.00219311
60.5629, 0.0533089, 0.00777056, -4.97668, -1.49492, 1.41003, -2.90494, -0.00219479
60.6153, 0.0524334, -0.00447827, -4.97302, -1.49494, 1.41016, -2.9051, -0.00219648
60.6676, 0.0577547, -0.015527, -4.96936, -1.49496, 1.4103, -2.90525, -0.00219816
60.7199, 0.0678581, -0.0224592, -4.96569, -1.49498, 1.41043, -2.90541, -0.00219984
60.7723, 0.0800631, -0.0234428, -4.96202, -1.495, 1.41057, -2.90557, -0.00220153
60.8246, 0.0911316, -0.0182284, -4.95836, -1.49502, 1.4107, -2.90572, -0.00220321
60.8769, 0.0981442, -0.00821247, -4.95468, -1.49504, 1.41084, -2.90588, -0.00220489
60.9293, 0.0992712, 0.00395906, -4.95101, -1.49506, 1.41097, -2.90603, -0.00220658
60.9816, 0.094227, 0.015097, -4.94734, -1.49508, 1.41111, -2.90619, -0.00220826
61.0339, 0.0843312, 0.0222873, -4.94366, -1.4951, 1.41124, -2.90634, -0.00220995
61.0863, 0.0721756, 0.0236461, -4.93998, -1.49512, 1.41138, -2.9065, -0.00221164
61.1386, 0.060947, 0.0188272, -4.9363, -1.49514, 1.41151, -2.90665, -0.00221332
61.1909, 0.0535722, 0.00911168, -4.93262, -1.49516, 1.41165, -2.9068, -0.00221501
61.2433, 0.0519494, -0.00295429, -4.92894, -1.49518, 1.41178, -2.90696, -0.0022167
61.2956, 0.0564793, -0.0142358, -4.92525, -1.4952, 1.41191, -2.90711, -0.00221839
61.3479, 0.0659758, -0.0218075, -4.92157, -1.49522, 1.41205, -2.90727, -0.00222007
61.4003, 0.077964, -0.0237033, -4.91788, -1.49524, 1.41218, -2.90742, -0.00222176
61.4526, 0.0893177, -0.0194394, -4.91419, -1.49526, 1.41231, -2.90757, -0.00222345
61.5049, 0.0970909, -0.0101415, -4.9105, -1.49528, 1.41245, -2.90773, -0.00222514
61.5573, 0.0992874, 0.00177254, -4.90681, -1.4953, 1.41258, -2.90788, -0.00222683
61.6096, 0.0953529, 0.0132331, -4.90311, -1.49532, 1.41271, -2.90803, -0.00222852
61.6619, 0.0862999, 0.0212953, -4.89942, -1.49534, 1.41285, -2.90819, -0.00223021
61.7142, 0.0744563, 0.0238844, -4.89572, -1.49536, 1.41298, -2.90834, -0.0022319
61.7686, 0.0624753, 0.0200905, -4.89188, -1.49538, 1.41312, -2.9085, -0.00223366
61.8229, 0.0540812, 0.0107667, -4.88804, -1.49541, 1.41325, -2.90866, -0.00223542
61.8773, 0.051564, -0.00149828, -4.88419, -1.49543, 1.41339, -2.90882, -0.00223718
61.9316, 0.0555906, -0.0133326, -4.88035, -1.49545, 1.41353, -2.90898, -0.00223893
61.986, 0.0650437, -0.0214924, -4.8765, -1.49547, 1.41366, -2.90913, -0.00224069
62.0403, 0.0773183, -0.0237381, -4.87265, -1.49549, 1.4138, -2.90929, -0.00224245
62.0946, 0.0890306, -0.019462, -4.8688, -1.49551, 1.41394, -2.90945, -0.00224421
62.149, 0.0969676, -0.00985818, -4.86495, -1.49553, 1.41407, -2.90961, -0.00224597
62.2033, 0.0989749, 0.00243377, -4.8611, -1.49556, 1.41421, -2.90977, -0.00224773
62.2577, 0.0945182, 0.0140668, -4.85725, -1.49558, 1.41435, -2.90992, -0.00224949
62.312, 0.0848093, 0.0218813, -4.85339, -1.4956, 1.41448, -2.91008, -0.00225125
62.3664, 0.0724878, 0.0237521, -4.84954, -1.49562, 1.41462, -2.91024, -0.00225301
62.4207, 0.0609074, 0.0191801, -4.84568, -1.49564, 1.41475, -2.91039, -0.00225478
62.475, 0.0532027, 0.00942906, -4.84182, -1.49566, 1.41489, -2.91055, -0.00225654
62.5294, 0.051433, -0.00284693, -4.83796, -1.49569, 1.41502, -2.91071, -0.0022583
62.5837, 0.0560523, -0.0143367, -4.8341, -1.49571, 1.41516, -2.91086, -0.00226006
62.6381, 0.0658045, -0.0219483, -4.83023, -1.49573, 1.41529, -2.91102, -0.00226183
62.6924, 0.078051, -0.0236311, -4.82637, -1.49575, 1.41543, -2.91118, -0.00226359
62.7468, 0.0894779, -0.0189418, -4.82251, -1.49577, 1.41556, -2.91133, -0.00226536
62.8011, 0.09701, -0.00916397, -4.81864, -1.49579, 1.4157, -2.91149, -0.00226712
62.8554, 0.0986422, 0.00306629, -4.81477, -1.49582, 1.41583, -2.91165, -0.00226889
62.9098, 0.0939499, 0.0144812, -4.8109, -1.49584, 1.41597, -2.9118, -0.00227065
62.9641, 0.0841851, 0.0220377, -4.80703, -1.49586, 1.4161, -2.91196, -0.00227242
63.0185, 0.0719539, 0.0237191, -4.80316, -1.49588, 1.41623, -2.91211, -0.00227419
63.0728, 0.0605233, 0.0190869, -4.79929, -1.4959, 1.41637, -2.91227, -0.00227596
63.1272, 0.0529293, 0.00939725, -4.79542, -1.49592, 1.4165, -2.91242, -0.00227772
63.1815, 0.0511631, -0.00276129, -4.79154, -1.49595, 1.41663, -2.91258, -0.00227949
63.2358, 0.0556689, -0.0141705, -4.78767, -1.49597, 1.41677, -2.91273, -0.00228126
63.2902, 0.0652438, -0.0218176, -4.78379, -1.49599, 1.4169, -2.91289, -0.00228303
63.3445, 0.0773455, -0.0236812, -4.77991, -1.49601, 1.41703, -2.91304, -0.0022848
63.3989, 0.0887602, -0.0192784, -4.77604, -1.49603, 1.41716, -2.9132, -0.00228657
63.4532, 0.0964727, -0.00979285, -4.77216, -1.49606, 1.4173, -2.91335, -0.00228834
63.5076, 0.0984674, 0.00226434, -4.76828, -1.49608, 1.41743, -2.91351, -0.00229011
63.5619, 0.0942335, 0.0137314, -4.7644, -1.4961, 1.41756, -2.91366, -0.00229188
63.6162, 0.0848801, 0.0216094, -4.76051, -1.49612, 1.41769, -2.91382, -0.00229365
63.6706, 0.0728555, 0.0238358, -4.75663, -1.49614, 1.41783, -2.91397, -0.00229543
63.7249, 0.0613112, 0.0198365, -4.75275, -1.49617, 1.41796, -2.91412, -0.0022972
63.7793, 0.0532577, 0.0106785, -4.74886, -1.49619, 1.41809, -2.91428, -0.00229897
63.8336, 0.0507694, -0.00123505, -4.74498, -1.49621, 1.41822, -2.91443, -0.00230074
63.888, 0.0544684, -0.0128085, -4.74109, -1.49623, 1.41835, -2.91458, -0.00230252
63.9423, 0.0633827, -0.0210445, -4.7372, -1.49625, 1.41848, -2.91474, -0.00230429
63.9966, 0.0751903, -0.0238078, -4.73332, -1.49628, 1.41861, -2.91489, -0.00230607
64.051, 0.0868149, -0.0203894, -4.72943, -1.4963, 1.41874, -2.91504, -0.00230784
64.1053, 0.095241, -0.0116952, -4.72554, -1.49632, 1.41888, -2.9152, -0.00230962
64.1597, 0.0983047, 1.27561e-05, -4.72165, -1.49634, 1.41901, -2.91535, -0.0023114
64.214, 0.0952314, 0.0117197, -4.71776, -1.49636, 1.41914, -2.9155, -0.00231317
64.2684, 0.0868127, 0.0204232, -4.71387, -1.49639, 1.41927, -2.91565, -0.00231495
64.3227, 0.0752089, 0.0238893, -4.70998, -1.49641, 1.4194, -2.91581, -0.00231673
64.3799, 0.062838, 0.0209326, -4.70588, -1.49643, 1.41953, -2.91597, -0.0023186
64.4371, 0.0537428, 0.0120734, -4.70178, -1.49646, 1.41967, -2.91613, -0.00232047
64.4943, 0.050467, -0.000165124, -4.69768, -1.49648, 1.41981, -2.91629, -0.00232234
64.5515, 0.053904, -0.0123352, -4.69359, -1.4965, 1.41994, -2.91645, -0.00232421
64.6086, 0.0630725, -0.0210225, -4.68949, -1.49653, 1.42008, -2.91661, -0.00232609
64.6658, 0.0753851, -0.0237879, -4.68539, -1.49655, 1.42021, -2.91676, -0.00232796
64.723, 0.0873674, -0.0198639, -4.68129, -1.49657, 1.42035, -2.91692, -0.00232984
64.7802, 0.0956544, -0.0103748, -4.67719, -1.4966, 1.42049, -2.91708, -0.00233171
64.8374, 0.097944, 0.00200899, -4.67309, -1.49662, 1.42062, -2.91724, -0.00233358
64.8946, 0.0936121, 0.013837, -4.66898, -1.49664, 1.42076, -2.9174, -0.00233546
64.9518, 0.0838647, 0.0218242, -4.66488, -1.49667, 1.42089, -2.91756, -0.00233734
65.0089, 0.0714118, 0.0237506, -4.66078, -1.49669, 1.42103, -2.91772, -0.00233921
65.0661, 0.0597184, 0.0190919, -4.65668, -1.49672, 1.42116, -2.91788, -0.00234109
65.1233, 0.052019, 0.00916535, -4.65257, -1.49674, 1.4213, -2.91803, -0.00234297
65.1805, 0.0504148, -0.00326705, -4.64847, -1.49676, 1.42143, -2.91819, -0.00234485
65.2377, 0.0553222, -0.0147787, -4.64436, -1.49679, 1.42156, -2.91835, -0.00234672
65.2949, 0.0653771, -0.0222046, -4.64026, -1.49681, 1.4217, -2.91851, -0.0023486
65.3521, 0.0777983, -0.0235022, -4.63615, -1.49683, 1.42183, -2.91867, -0.00235048
65.4093, 0.0891525, -0.0183271, -4.63205, -1.49686, 1.42197, -2.91882, -0.00235236
65.4664, 0.0963207, -0.00812496, -4.62794, -1.49688, 1.4221, -2.91898, -0.00235424
65.5236, 0.0973569, 0.00429723, -4.62384, -1.49691, 1.42223, -2.91914, -0.00235612
65.5808, 0.09199, 0.0155522, -4.61973, -1.49693, 1.42237, -2.9193, -0.002358
65.638, 0.081682, 0.0225769, -4.61562, -1.49695, 1.4225, -2.91945, -0.00235989
65.6952, 0.069242, 0.0234594, -4.61151, -1.49698, 1.42263, -2.91961, -0.00236177
65.7524, 0.0580598, 0.017973, -4.60741, -1.497, 1.42276, -2.91977, -0.00236365
65.8096, 0.0511609, 0.00763325, -4.6033, -1.49703, 1.4229, -2.91992, -0.00236554
65.8667, 0.0503846, -0.00474588, -4.59919, -1.49705, 1.42303, -2.92008, -0.00236742
65.9239, 0.0559167, -0.0158243, -4.59508, -1.49707, 1.42316, -2.92024, -0.0023693
65.9811, 0.0662528, -0.0226183, -4.59098, -1.4971, 1.42329, -2.92039, -0.00237119
66.0383, 0.0785922, -0.0232981, -4.58687, -1.49712, 1.42343, -2.92055, -0.00237307
66.0955, 0.0895947, -0.0176946, -4.58276, -1.49715, 1.42356, -2.9207, -0.00237496
66.1527, 0.0963026, -0.00733891, -4.57865, -1.49717, 1.42369, -2.92086, -0.00237685
66.2099, 0.0969341, 0.00498053, -4.57454, -1.49719, 1.42382, -2.92102, -0.00237873
66.2671, 0.0913313, 0.0159747, -4.57043, -1.49722, 1.42395, -2.92117, -0.00238062
66.3242, 0.0809887, 0.0227136, -4.56632, -1.49724, 1.42408, -2.92133, -0.00238251
66.3814, 0.0686669, 0.0234012, -4.56222, -1.49727, 1.42421, -2.92148, -0.0023844
66.4386, 0.0576535, 0.0178684, -4.55811, -1.49729, 1.42435, -2.92164, -0.00238628
66.4958, 0.0508656, 0.00761154, -4.554, -1.49731, 1.42448, -2.92179, -0.00238817
66.553, 0.0500746, -0.00463598, -4.54989, -1.49734, 1.42461, -2.92195, -0.00239006
66.6102, 0.0554659, -0.0156385, -4.54578, -1.49736, 1.42474, -2.9221, -0.00239195
66.6674, 0.0656034, -0.0224947, -4.54167, -1.49739, 1.42487, -2.92226, -0.00239384
66.7245, 0.0777974, -0.0233968, -4.53756, -1.49741, 1.425, -2.92241, -0.00239574
66.7817, 0.0888155, -0.0181203, -4.53345, -1.49744, 1.42513, -2.92256, -0.00239763
66.8389, 0.0957568, -0.00807828, -4.52934, -1.49746, 1.42526, -2.92272, -0.00239952
66.8961, 0.096815, 0.00408006, -4.52524, -1.49748, 1.42539, -2.92287, -0.00240141
66.9533, 0.0917249, 0.015176, -4.52113, -1.49751, 1.42552, -2.92303, -0.0024033
67.0105, 0.0818162, 0.0223152, -4.51702, -1.49753, 1.42565, -2.92318, -0.0024052
67.0677, 0.0696773, 0.0236348, -4.51291, -1.49756, 1.42578, -2.92333, -0.00240709
67.1249, 0.0584794, 0.0188029, -4.5088, -1.49758, 1.4259, -2.92349, -0.00240899
67.182, 0.0511289, 0.00910207, -4.5047, -1.49761, 1.42603, -2.92364, -0.00241088
67.2392, 0.049507, -0.00293352, -4.50059, -1.49763, 1.42616, -2.92379, -0.00241278
67.2964, 0.0540083, -0.0141895, -4.49648, -1.49766, 1.42629, -2.92395, -0.00241467
67.3536, 0.0634562, -0.0217615, -4.49237, -1.49768, 1.42642, -2.9241, -0.00241657
67.4108, 0.0753972, -0.0236951, -4.48827, -1.4977, 1.42655, -2.92425, -0.00241847
67.468, 0.086732, -0.0195018, -4.48416, -1.49773, 1.42668, -2.9244, -0.00242036
67.5252, 0.0945353, -0.0102855, -4.48006, -1.49775, 1.4268, -2.92456, -0.00242226
67.5824, 0.0968157, 0.00156882, -4.47595, -1.49778, 1.42693, -2.92471, -0.00242416
67.6395, 0.0930025, 0.0130248, -4.47184, -1.4978, 1.42706, -2.92486, -0.00242606
67.6967, 0.0840725, 0.0211587, -4.46774, -1.49783, 1.42719, -2.92501, -0.00242796
67.7539, 0.0723072, 0.0238937, -4.46363, -1.49785, 1.42731, -2.92517, -0.00242986
67.8136, 0.0602593, 0.0202623, -4.45935, -1.49788, 1.42745, -2.92532, -0.00243184
67.8733, 0.0517327, 0.0110423, -4.45507, -1.4979, 1.42758, -2.92548, -0.00243383
67.933, 0.0490562, -0.00119757, -4.45078, -1.49793, 1.42771, -2.92564, -0.00243581
67.9927, 0.0529374, -0.0130845, -4.4465, -1.49795, 1.42784, -2.9258, -0.0024378
68.0524, 0.0622927, -0.0213557, -4.44222, -1.49798, 1.42798, -2.92596, -0.00243978
68.1121, 0.0745374, -0.0237406, -4.43794, -1.49801, 1.42811, -2.92611, -0.00244177
68.1717, 0.0862909, -0.0195955, -4.43366, -1.49803, 1.42824, -2.92627, -0.00244376
68.2314, 0.0943262, -0.010082, -4.42937, -1.49806, 1.42837, -2.92643, -0.00244574
68.2911, 0.0964623, 0.00218161, -4.42509, -1.49808, 1.4285, -2.92659, -0.00244773
68.3508, 0.0921318, 0.0138553, -4.42081, -1.49811, 1.42864, -2.92674, -0.00244972
68.4105, 0.0825138, 0.0217708, -4.41654, -1.49813, 1.42877, -2.9269, -0.00245171
68.4702, 0.0702219, 0.0237794, -4.41226, -1.49816, 1.4289, -2.92706, -0.0024537
68.5299, 0.0585975, 0.0193481, -4.40798, -1.49819, 1.42903, -2.92721, -0.00245569
68.5896, 0.050781, 0.00970322, -4.4037, -1.49821, 1.42916, -2.92737, -0.00245768
68.6493, 0.0488551, -0.00253177, -4.39943, -1.49824, 1.42929, -2.92753, -0.00245967
68.709, 0.0533103, -0.0140629, -4.39515, -1.49826, 1.42942, -2.92768, -0.00246166
68.7687, 0.0629336, -0.0217957, -4.39088, -1.49829, 1.42955, -2.92784, -0.00246365
68.8284, 0.0751254, -0.0236553, -4.3866, -1.49832, 1.42968, -2.928, -0.00246564
68.888, 0.0865951, -0.0191549, -4.38233, -1.49834, 1.42981, -2.92815, -0.00246764
68.9477, 0.094266, -0.00952558, -4.37805, -1.49837, 1.42994, -2.92831, -0.00246963
69.0074, 0.0961042, 0.00264343, -4.37378, -1.49839, 1.43007, -2.92846, -0.00247163
69.0671, 0.0916343, 0.0141132, -4.36951, -1.49842, 1.4302, -2.92862, -0.00247362
69.1268, 0.0820456, 0.021841, -4.36524, -1.49845, 1.43033, -2.92877, -0.00247562
69.1865, 0.0698852, 0.0237767, -4.36097, -1.49847, 1.43046, -2.92893, -0.00247761
69.2462, 0.0583841, 0.0194189, -4.3567, -1.4985, 1.43059, -2.92909, -0.00247961
69.3059, 0.0505792, 0.00994691, -4.35243, -1.49852, 1.43072, -2.92924, -0.0024816
69.3656, 0.0485029, -0.00212033, -4.34817, -1.49855, 1.43084, -2.92939, -0.0024836
69.4253, 0.0526737, -0.0136071, -4.3439, -1.49858, 1.43097, -2.92955, -0.0024856
69.485, 0.0619803, -0.0215012, -4.33963, -1.4986, 1.4311, -2.9297, -0.0024876
69.5446, 0.0739653, -0.0237325, -4.33537, -1.49863, 1.43123, -2.92986, -0.0024896
69.6043, 0.0854672, -0.0197271, -4.33111, -1.49865, 1.43136, -2.93001, -0.0024916
69.664, 0.0934687, -0.0105584, -4.32684, -1.49868, 1.43149, -2.93017, -0.0024936
69.7237, 0.095895, 0.00136173, -4.32258, -1.49871, 1.43161, -2.93032, -0.0024956
69.7834, 0.0921293, 0.0129311, -4.31832, -1.49873, 1.43174, -2.93047, -0.0024976
69.8431, 0.0831521, 0.0211511, -4.31406, -1.49876, 1.43187, -2.93063, -0.0024996
69.9028, 0.071293, 0.023891, -4.3098, -1.49879, 1.432, -2.93078, -0.0025016
69.9646, 0.0592558, 0.0202189, -4.30539, -1.49881, 1.43213, -2.93094, -0.00250367
70.0265, 0.0507599, 0.0109704, -4.30098, -1.49884, 1.43226, -2.9311, -0.00250575
70.0883, 0.0481246, -0.00127713, -4.29657, -1.49887, 1.43239, -2.93126, -0.00250783
70.1501, 0.0520446, -0.0131483, -4.29216, -1.4989, 1.43252, -2.93142, -0.0025099
70.212, 0.0614243, -0.0213853, -4.28776, -1.49892, 1.43265, -2.93158, -0.00251198
70.2738, 0.0736717, -0.0237283, -4.28335, -1.49895, 1.43278, -2.93173, -0.00251406
70.3356, 0.0854057, -0.0195465, -4.27895, -1.49898, 1.43292, -2.93189, -0.00251613
70.3975, 0.0934064, -0.0100121, -4.27455, -1.499, 1.43305, -2.93205, -0.00251821
70.4593, 0.0955038, 0.00225177, -4.27015, -1.49903, 1.43318, -2.93221, -0.00252029
70.5211, 0.0911423, 0.0139072, -4.26575, -1.49906, 1.43331, -2.93237, -0.00252237
70.583, 0.081509, 0.0217939, -4.26135, -1.49909, 1.43344, -2.93252, -0.00252445
70.6448, 0.0692194, 0.0237739, -4.25695, -1.49911, 1.43357, -2.93268, -0.00252653
70.7066, 0.0576106, 0.0193236, -4.25255, -1.49914, 1.4337, -2.93284, -0.00252861
70.7685, 0.049814, 0.00967422, -4.24816, -1.49917, 1.43383, -2.933, -0.00253069
70.8303, 0.047903, -0.00255248, -4.24376, -1.4992, 1.43396, -2.93315, -0.00253278
70.8921, 0.0523618, -0.0140693, -4.23937, -1.49922, 1.43409, -2.93331, -0.00253486
70.954, 0.0619769, -0.021791, -4.23498, -1.49925, 1.43421, -2.93347, -0.00253694
71.0158, 0.0741541, -0.0236498, -4.23059, -1.49928, 1.43434, -2.93362, -0.00253903
71.0776, 0.0856122, -0.0191613, -4.2262, -1.49931, 1.43447, -2.93378, -0.00254111
71.1395, 0.0932835, -0.00955196, -4.22182, -1.49933, 1.4346, -2.93393, -0.0025432
71.2013, 0.0951385, 0.00259887, -4.21743, -1.49936, 1.43473, -2.93409, -0.00254528
71.2631, 0.0906991, 0.014064, -4.21305, -1.49939, 1.43486, -2.93425, -0.00254737
71.3249, 0.0811445, 0.0218092, -4.20866, -1.49942, 1.43499, -2.9344, -0.00254945
71.3868, 0.0690069, 0.0237857, -4.20428, -1.49944, 1.43511, -2.93456, -0.00255154
71.4486, 0.0575026, 0.0194835, -4.1999, -1.49947, 1.43524, -2.93471, -0.00255363
71.5104, 0.0496608, 0.0100652, -4.19552, -1.4995, 1.43537, -2.93487, -0.00255572
71.5723, 0.0475167, -0.00197069, -4.19115, -1.49953, 1.4355, -2.93502, -0.00255781
71.6341, 0.0516037, -0.0134655, -4.18677, -1.49955, 1.43563, -2.93518, -0.0025599
71.6959, 0.0608341, -0.0214146, -4.1824, -1.49958, 1.43575, -2.93534, -0.00256199
71.7578, 0.0727773, -0.0237408, -4.17803, -1.49961, 1.43588, -2.93549, -0.00256408
71.8196, 0.0842925, -0.019848, -4.17366, -1.49964, 1.43601, -2.93564, -0.00256617
71.8814, 0.0923688, -0.0107776, -4.16929, -1.49967, 1.43613, -2.9358, -0.00256826
71.9433, 0.0949192, 0.00109147, -4.16492, -1.49969, 1.43626, -2.93595, -0.00257035
72.0051, 0.091298, 0.0126811, -4.16055, -1.49972, 1.43639, -2.93611, -0.00257244
72.0669, 0.0824454, 0.0209991, -4.15619, -1.49975, 1.43651, -2.93626, -0.00257454
72.1288, 0.0706498, 0.0238985, -4.15183, -1.49978, 1.43664, -2.93642, -0.00257663
72.1931, 0.0585384, 0.0203889, -4.14729, -1.49981, 1.43677, -2.93658, -0.00257881
72.2574, 0.0499063, 0.0112344, -4.14276, -1.49983, 1.4369, -2.93674, -0.00258099
72.3217, 0.0471189, -0.00100215, -4.13822, -1.49986, 1.43703, -2.9369, -0.00258317
72.3861, 0.0509136, -0.0129352, -4.13369, -1.49989, 1.43716, -2.93706, -0.00258535
72.4504, 0.0602236, -0.0212787, -4.12916, -1.49992, 1.43729, -2.93722, -0.00258753
72.5147, 0.0724658, -0.0237366, -4.12464, -1.49995, 1.43742, -2.93738, -0.00258971
72.579, 0.0842491, -0.0196454, -4.12011, -1.49998, 1.43756, -2.93753, -0.0025919
72.6433, 0.092329, -0.0101572, -4.11559, -1.50001, 1.43769, -2.93769, -0.00259408
72.7076, 0.0945078, 0.00210853, -4.11107, -1.50004, 1.43782, -2.93785, -0.00259626
72.772, 0.0902068, 0.0138032, -4.10655, -1.50007, 1.43794, -2.93801, -0.00259845
72.8363, 0.0806006, 0.0217476, -4.10203, -1.5001, 1.43807, -2.93817, -0.00260063
72.9006, 0.0683046, 0.0237834, -4.09751, -1.50012, 1.4382, -2.93833, -0.00260282
72.9649, 0.0566656, 0.0193716, -4.093, -1.50015, 1.43833, -2.93849, -0.002605
73.0292, 0.04883, 0.0097369, -4.08849, -1.50018, 1.43846, -2.93865, -0.00260719
73.0936, 0.0468849, -0.00249602, -4.08398, -1.50021, 1.43859, -2.9388, -0.00260938
73.1579, 0.051323, -0.0140312, -4.07947, -1.50024, 1.43872, -2.93896, -0.00261156
73.2222, 0.0609324, -0.0217729, -4.07496, -1.50027, 1.43885, -2.93912, -0.00261375
73.2865, 0.0731146, -0.0236452, -4.07046, -1.5003, 1.43898, -2.93928, -0.00261594
73.3508, 0.0845808, -0.0191603, -4.06596, -1.50033, 1.43911, -2.93943, -0.00261813
73.4152, 0.0922563, -0.00954692, -4.06146, -1.50036, 1.43923, -2.93959, -0.00262032
73.4795, 0.0941083, 0.00261031, -4.05696, -1.50039, 1.43936, -2.93975, -0.00262251
73.5438, 0.0896594, 0.014078, -4.05247, -1.50042, 1.43949, -2.93991, -0.0026247
73.6081, 0.0800935, 0.0218184, -4.04797, -1.50045, 1.43962, -2.94006, -0.0026269
73.6724, 0.0679485, 0.0237827, -4.04348, -1.50047, 1.43974, -2.94022, -0.00262909
73.7367, 0.0564455, 0.019465, -4.03899, -1.5005, 1.43987, -2.94038, -0.00263128
73.8011, 0.0486144, 0.0100338, -4.03451, -1.50053, 1.44, -2.94053, -0.00263348
73.8654, 0.0464877, -0.00200657, -4.03002, -1.50056, 1.44013, -2.94069, -0.00263567
73.9297, 0.0505926, -0.0134947, -4.02554, -1.50059, 1.44025, -2.94085, -0.00263786
73.994, 0.0598351, -0.021427, -4.02106, -1.50062, 1.44038, -2.941, -0.00264006
74.0583, 0.0717796, -0.0237311, -4.01658, -1.50065, 1.44051, -2.94116, -0.00264226
74.1227, 0.083284, -0.0198181, -4.0121, -1.50068, 1.44063, -2.94131, -0.00264445
74.187, 0.0913405, -0.0107355, -4.00763, -1.50071, 1.44076, -2.94147, -0.00264665
74.2513, 0.0938681, 0.00113438, -4.00316, -1.50074, 1.44089, -2.94162, -0.00264885
74.3156, 0.0902279, 0.0127139, -3.99869, -1.50077, 1.44101, -2.94178, -0.00265105
74.3799, 0.0813653, 0.0210152, -3.99422, -1.5008, 1.44114, -2.94194, -0.00265325
74.4443, 0.0695702, 0.0238979, -3.98976, -1.50083, 1.44126, -2.94209, -0.00265545
74.5112, 0.0574685, 0.0203775, -3.98512, -1.50086, 1.44139, -2.94225, -0.00265773
74.5781, 0.048848, 0.0112228, -3.98048, -1.50089, 1.44152, -2.94241, -0.00266002
74.645, 0.0460665, -0.00100545, -3.97584, -1.50092, 1.44165, -2.94257, -0.00266231
74.7119, 0.0498574, -0.012928, -3.97121, -1.50095, 1.44178, -2.94273, -0.0026646
74.7788, 0.0591545, -0.0212668, -3.96657, -1.50098, 1.44191, -2.9429, -0.0026669
74.8457, 0.0713812, -0.0237314, -3.96195, -1.50101, 1.44204, -2.94306, -0.00266919
74.9126, 0.0831553, -0.0196589, -3.95732, -1.50104, 1.44217, -2.94322, -0.00267148
74.9795, 0.0912408, -0.0101954, -3.9527, -1.50107, 1.4423, -2.94338, -0.00267377
75.0464, 0.0934432, 0.0020507, -3.94807, -1.5011, 1.44243, -2.94354, -0.00267607
75.1133, 0.0891793, 0.0137428, -3.94346, -1.50113, 1.44256, -2.9437, -0.00267836
75.1802, 0.0796118, 0.0217099, -3.93884, -1.50117, 1.44269, -2.94386, -0.00268066
75.2471, 0.0673398, 0.0237937, -3.93423, -1.5012, 1.44282, -2.94402, -0.00268295
75.314, 0.0556949, 0.0194445, -3.92962, -1.50123, 1.44295, -2.94418, -0.00268525
75.3809, 0.0478161, 0.00986813, -3.92501, -1.50126, 1.44308, -2.94433, -0.00268755
75.4477, 0.045795, -0.00233285, -3.9204, -1.50129, 1.44321, -2.94449, -0.00268984
75.5146, 0.0501416, -0.0138802, -3.9158, -1.50132, 1.44333, -2.94465, -0.00269214
75.5815, 0.0596705, -0.0216849, -3.9112, -1.50135, 1.44346, -2.94481, -0.00269444
75.6484, 0.0718119, -0.0236618, -3.9066, -1.50138, 1.44359, -2.94497, -0.00269674
75.7153, 0.0832981, -0.0192976, -3.90201, -1.50141, 1.44372, -2.94513, -0.00269904
75.7822, 0.0910593, -0.00978567, -3.89741, -1.50144, 1.44384, -2.94529, -0.00270134
75.8491, 0.0930473, 0.00232436, -3.89283, -1.50147, 1.44397, -2.94545, -0.00270364
75.916, 0.0887517, 0.0138232, -3.88824, -1.5015, 1.4441, -2.9456, -0.00270595
75.9829, 0.0793119, 0.0216771, -3.88366, -1.50154, 1.44423, -2.94576, -0.00270825
76.0498, 0.0672226, 0.0238165, -3.87907, -1.50157, 1.44435, -2.94592, -0.00271055
76.1167, 0.0556766, 0.0196921, -3.8745, -1.5016, 1.44448, -2.94608, -0.00271286
76.1836, 0.0477021, 0.0104177, -3.86992, -1.50163, 1.44461, -2.94624, -0.00271516
76.2505, 0.0453592, -0.00155322, -3.86535, -1.50166, 1.44473, -2.94639, -0.00271747
76.3174, 0.0492275, -0.0130909, -3.86078, -1.50169, 1.44486, -2.94655, -0.00271977
76.3843, 0.0582776, -0.0211935, -3.85621, -1.50172, 1.44499, -2.94671, -0.00272208
76.4512, 0.070135, -0.0237553, -3.85165, -1.50175, 1.44511, -2.94686, -0.00272439
76.5181, 0.0816951, -0.0201238, -3.84709, -1.50178, 1.44524, -2.94702, -0.00272669
76.585, 0.0899499, -0.0112688, -3.84253, -1.50182, 1.44536, -2.94718, -0.002729
76.6519, 0.0927777, 0.000496667, -3.83797, -1.50185, 1.44549, -2.94733, -0.00273131
76.7188, 0.0894666, 0.0121374, -3.83342, -1.50188, 1.44561, -2.94749, -0.00273362
76.7857, 0.0808736, 0.0206667, -3.82887, -1.50191, 1.44574, -2.94765, -0.00273593
76.8526, 0.0692064, 0.0238987, -3.82433, -1.50194, 1.44586, -2.9478, -0.00273824
76.9228, 0.0569443, 0.0207279, -3.81956, -1.50197, 1.44599, -2.94797, -0.00274067
76.9929, 0.0480327, 0.01177, -3.8148, -1.50201, 1.44613, -2.94813, -0.00274309
77.0631, 0.0449332, -0.000442267, -3.81004, -1.50204, 1.44626, -2.94829, -0.00274552
77.1332, 0.0484722, -0.0125007, -3.80529, -1.50207, 1.44639, -2.94846, -0.00274794
77.2034, 0.0576414, -0.0210594, -3.80054, -1.5021, 1.44652, -2.94862, -0.00275037
77.2735, 0.0698746, -0.023747, -3.79579, -1.50214, 1.44665, -2.94878, -0.0027528
77.3437, 0.0817566, -0.0198337, -3.79105, -1.50217, 1.44678, -2.94895, -0.00275522
77.4138, 0.0899921, -0.0104329, -3.7863, -1.5022, 1.44691, -2.94911, -0.00275765
77.484, 0.0923263, 0.00184008, -3.78157, -1.50223, 1.44704, -2.94927, -0.00276008
77.5541, 0.0881359, 0.0136123, -3.77683, -1.50227, 1.44717, -2.94943, -0.00276251
77.6243, 0.0785743, 0.0216647, -3.7721, -1.5023, 1.4473, -2.94959, -0.00276494
77.6944, 0.0662603, 0.0237992, -3.76737, -1.50233, 1.44742, -2.94976, -0.00276738
77.7646, 0.0545637, 0.019449, -3.76265, -1.50237, 1.44755, -2.94992, -0.00276981
77.8347, 0.0466611, 0.00983123, -3.75793, -1.5024, 1.44768, -2.95008, -0.00277224
77.9048, 0.0446652, -0.00241948, -3.75321, -1.50243, 1.44781, -2.95024, -0.00277468
77.975, 0.0490811, -0.0139865, -3.7485, -1.50246, 1.44794, -2.9504, -0.00277711
78.0451, 0.0586939, -0.0217531, -3.74379, -1.5025, 1.44807, -2.95056, -0.00277954
78.1153, 0.0708911, -0.0236305, -3.73908, -1.50253, 1.4482, -2.95073, -0.00278198
78.1854, 0.0823664, -0.0191304, -3.73437, -1.50256, 1.44832, -2.95089, -0.00278442
78.2556, 0.0900321, -0.00949208, -3.72967, -1.5026, 1.44845, -2.95105, -0.00278685
78.3257, 0.0918527, 0.0026833, -3.72498, -1.50263, 1.44858, -2.95121, -0.00278929
78.3959, 0.0873597, 0.0141482, -3.72028, -1.50266, 1.44871, -2.95137, -0.00279173
78.466, 0.077753, 0.0218588, -3.71559, -1.50269, 1.44883, -2.95153, -0.00279417
78.5362, 0.0655877, 0.0237718, -3.71091, -1.50273, 1.44896, -2.95169, -0.00279661
78.6063, 0.054096, 0.0193966, -3.70622, -1.50276, 1.44909, -2.95185, -0.00279905
78.6765, 0.0463075, 0.00992152, -3.70155, -1.50279, 1.44922, -2.95201, -0.00280149
78.7466, 0.044243, -0.00213295, -3.69687, -1.50283, 1.44934, -2.95217, -0.00280393
78.8168, 0.0484105, -0.0135981, -3.6922, -1.50286, 1.44947, -2.95233, -0.00280638
78.8869, 0.0576954, -0.0214749, -3.68753, -1.50289, 1.44959, -2.95249, -0.00280882
78.957, 0.0696472, -0.0237069, -3.68286, -1.50293, 1.44972, -2.95265, -0.00281127
79.0272, 0.08112, -0.0197263, -3.6782, -1.50296, 1.44985, -2.95281, -0.00281371
79.0973, 0.0891149, -0.0106009, -3.67354, -1.50299, 1.44997, -2.95296, -0.00281616
79.1675, 0.0915691, 0.00127549, -3.66889, -1.50302, 1.4501, -2.95312, -0.0028186
79.2376, 0.0878645, 0.0128257, -3.66424, -1.50306, 1.45022, -2.95328, -0.00282105
79.3078, 0.0789638, 0.0210731, -3.65959, -1.50309, 1.45035, -2.95344, -0.0028235
79.3779, 0.0671643, 0.0238962, -3.65495, -1.50312, 1.45048, -2.9536, -0.00282595
79.4509, 0.0550943, 0.0203312, -3.65012, -1.50316, 1.45061, -2.95376, -0.00282849
79.5238, 0.0465169, 0.0111646, -3.6453, -1.50319, 1.45074, -2.95393, -0.00283104
79.5967, 0.0437675, -0.00104587, -3.64049, -1.50323, 1.45086, -2.95409, -0.00283359
79.6696, 0.0475642, -0.0129369, -3.63568, -1.50326, 1.45099, -2.95426, -0.00283613
79.7426, 0.0568397, -0.0212522, -3.63087, -1.5033, 1.45112, -2.95442, -0.00283868
79.8155, 0.0690306, -0.0237193, -3.62606, -1.50333, 1.45125, -2.95458, -0.00284123
79.8884, 0.0807778, -0.0196801, -3.62126, -1.50337, 1.45138, -2.95475, -0.00284378
79.9613, 0.0888675, -0.0102689, -3.61647, -1.5034, 1.45151, -2.95491, -0.00284634
80.0343, 0.0911158, 0.00193102, -3.61167, -1.50343, 1.45164, -2.95507, -0.00284889
80.1072, 0.086932, 0.0136126, -3.60689, -1.50347, 1.45177, -2.95524, -0.00285144
80.1801, 0.0774526, 0.0216262, -3.6021, -1.5035, 1.4519, -2.9554, -0.00285399
80.2531, 0.065238, 0.0238159, -3.59732, -1.50354, 1.45203, -2.95556, -0.00285655
80.326, 0.0535833, 0.0196093, -3.59255, -1.50357, 1.45215, -2.95573, -0.0028591
80.3989, 0.0456085, 0.0101685, -3.58777, -1.50361, 1.45228, -2.95589, -0.00286166
80.4718, 0.043414, -0.00195548, -3.58301, -1.50364, 1.45241, -2.95605, -0.00286422
80.5448, 0.0475485, -0.0135272, -3.57824, -1.50368, 1.45254, -2.95621, -0.00286677
80.6177, 0.0568878, -0.0214751, -3.57348, -1.50371, 1.45266, -2.95638, -0.00286933
80.6906, 0.0689296, -0.023694, -3.56873, -1.50375, 1.45279, -2.95654, -0.00287189
80.7636, 0.0804575, -0.0196127, -3.56398, -1.50378, 1.45292, -2.9567, -0.00287445
80.8365, 0.0884148, -0.0103421, -3.55923, -1.50382, 1.45305, -2.95686, -0.00287701
80.9094, 0.0907195, 0.00165092, -3.55449, -1.50385, 1.45317, -2.95702, -0.00287957
80.9823, 0.0867846, 0.0132149, -3.54975, -1.50388, 1.4533, -2.95718, -0.00288213
81.0553, 0.0776468, 0.0213279, -3.54501, -1.50392, 1.45343, -2.95735, -0.0028847
81.1282, 0.0656984, 0.0238745, -3.54028, -1.50395, 1.45355, -2.95751, -0.00288726
81.2011, 0.0540638, 0.0202059, -3.53556, -1.50399, 1.45368, -2.95767, -0.00288982
81.2741, 0.0457634, 0.011308, -3.53083, -1.50402, 1.4538, -2.95783, -0.00289239
81.347, 0.0429193, -0.000485406, -3.52611, -1.50406, 1.45393, -2.95799, -0.00289495
81.4199, 0.04623, -0.0121219, -3.5214, -1.50409, 1.45406, -2.95815, -0.00289752
81.4928, 0.0548169, -0.0206079, -3.51669, -1.50413, 1.45418, -2.95831, -0.00290009
81.5658, 0.0664493, -0.0237651, -3.51199, -1.50416, 1.45431, -2.95847, -0.00290266
81.6417, 0.0785499, -0.0205493, -3.50709, -1.5042, 1.45444, -2.95864, -0.00290533
81.7176, 0.0873185, -0.0116302, -3.5022, -1.50424, 1.45457, -2.9588, -0.002908
81.7936, 0.0903457, 0.000499285, -3.49732, -1.50427, 1.4547, -2.95897, -0.00291068
81.8695, 0.0868186, 0.0124952, -3.49243, -1.50431, 1.45483, -2.95914, -0.00291336
81.9454, 0.0777133, 0.0210718, -3.48756, -1.50434, 1.45496, -2.9593, -0.00291603
82.0213, 0.0655281, 0.0238856, -3.48269, -1.50438, 1.45509, -2.95947, -0.00291871
82.0973, 0.0536017, 0.0201841, -3.47782, -1.50442, 1.45522, -2.95963, -0.00292139
82.1732, 0.0451782, 0.0110103, -3.47296, -1.50445, 1.45535, -2.9598, -0.00292407
82.2491, 0.0425126, -0.00111543, -3.4681, -1.50449, 1.45547, -2.95996, -0.00292675
82.325, 0.0462871, -0.012906, -3.46325, -1.50453, 1.4556, -2.96013, -0.00292943
82.401, 0.0554556, -0.0211846, -3.4584, -1.50456, 1.45573, -2.96029, -0.00293212
82.4769, 0.0675235, -0.0237263, -3.45355, -1.5046, 1.45586, -2.96046, -0.0029348
82.5528, 0.0792186, -0.0198648, -3.44872, -1.50463, 1.45599, -2.96062, -0.00293748
82.6288, 0.0873931, -0.0106693, -3.44388, -1.50467, 1.45612, -2.96079, -0.00294017
82.7047, 0.0898765, 0.00137587, -3.43905, -1.50471, 1.45624, -2.96095, -0.00294285
82.7806, 0.0860267, 0.0130589, -3.43423, -1.50474, 1.45637, -2.96112, -0.00294554
82.8565, 0.0768733, 0.0212836, -3.42941, -1.50478, 1.4565, -2.96128, -0.00294823
82.9325, 0.064847, 0.0238755, -3.42459, -1.50482, 1.45663, -2.96144, -0.00295091
83.0084, 0.0531365, 0.020166, -3.41978, -1.50485, 1.45676, -2.96161, -0.0029536
83.0843, 0.0448235, 0.0111667, -3.41497, -1.50489, 1.45688, -2.96177, -0.00295629
83.1603, 0.0420608, -0.000729435, -3.41017, -1.50493, 1.45701, -2.96194, -0.00295898
83.2362, 0.0455338, -0.0124013, -3.40538, -1.50496, 1.45714, -2.9621, -0.00296167
83.3121, 0.0543082, -0.0208062, -3.40058, -1.505, 1.45726, -2.96226, -0.00296436
83.388, 0.0660733, -0.0237586, -3.3958, -1.50504, 1.45739, -2.96243, -0.00296706
83.464, 0.0777417, -0.0205059, -3.39102, -1.50507, 1.45752, -2.96259, -0.00296975
83.5399, 0.0862725, -0.011924, -3.38624, -1.50511, 1.45764, -2.96275, -0.00297245
83.6158, 0.0894713, -0.00026016, -3.38146, -1.50515, 1.45777, -2.96291, -0.00297514
83.6918, 0.0865333, 0.0114738, -3.3767, -1.50518, 1.45789, -2.96308, -0.00297784
83.7677, 0.0782221, 0.0202691, -3.37193, -1.50522, 1.45802, -2.96324, -0.00298053
83.8436, 0.0666727, 0.023876, -3.36718, -1.50525, 1.45815, -2.9634, -0.00298323
83.9234, 0.0542959, 0.0211009, -3.36218, -1.50529, 1.45828, -2.96357, -0.00298607
84.0032, 0.0450916, 0.0124224, -3.35719, -1.50533, 1.45841, -2.96374, -0.0029889
84.083, 0.0416056, 0.000304965, -3.35221, -1.50537, 1.45854, -2.96391, -0.00299174
84.1628, 0.0447679, -0.0118608, -3.34723, -1.50541, 1.45867, -2.96408, -0.00299458
84.2426, 0.0536669, -0.0206957, -3.34225, -1.50545, 1.4588, -2.96425, -0.00299742
84.3224, 0.0658051, -0.0237529, -3.33728, -1.50549, 1.45893, -2.96442, -0.00300026
84.4022, 0.0777895, -0.0202027, -3.33232, -1.50552, 1.45906, -2.96459, -0.0030031
84.482, 0.0862948, -0.0110619, -3.32736, -1.50556, 1.4592, -2.96476, -0.00300594
84.5617, 0.0889933, 0.00112304, -3.32241, -1.5056, 1.45933, -2.96493, -0.00300878
84.6415, 0.0851655, 0.0130043, -3.31746, -1.50564, 1.45946, -2.9651, -0.00301162
84.7213, 0.075867, 0.0213392, -3.31252, -1.50568, 1.45959, -2.96526, -0.00301447
84.8011, 0.0636406, 0.0238596, -3.30759, -1.50572, 1.45972, -2.96543, -0.00301731
84.8809, 0.0518237, 0.0198983, -3.30266, -1.50576, 1.45985, -2.9656, -0.00302016
84.9607, 0.0436156, 0.0105667, -3.29773, -1.50579, 1.45997, -2.96577, -0.00302301
85.0405, 0.041201, -0.00158229, -3.29281, -1.50583, 1.4601, -2.96594, -0.00302585
85.1203, 0.0451897, -0.0132698, -3.2879, -1.50587, 1.46023, -2.9661, -0.0030287
85.2001, 0.0544808, -0.0213614, -3.28299, -1.50591, 1.46036, -2.96627, -0.00303155
85.2799, 0.0665564, -0.0236939, -3.27808, -1.50595, 1.46049, -2.96644, -0.0030344
85.3597, 0.0781573, -0.0196624, -3.27319, -1.50599, 1.46062, -2.96661, -0.00303725
85.4395, 0.0861772, -0.0103779, -3.26829, -1.50603, 1.46075, -2.96677, -0.00304011
85.5192, 0.0884992, 0.00166397, -3.26341, -1.50606, 1.46088, -2.96694, -0.00304296
85.599, 0.084528, 0.0132698, -3.25852, -1.5061, 1.461, -2.96711, -0.00304581
85.6788, 0.0753206, 0.0213813, -3.25365, -1.50614, 1.46113, -2.96727, -0.00304867
85.7586, 0.0633085, 0.0238676, -3.24878, -1.50618, 1.46126, -2.96744, -0.00305152
85.8384, 0.0516575, 0.0200937, -3.24391, -1.50622, 1.46139, -2.96761, -0.00305438
85.9182, 0.0434136, 0.0110835, -3.23905, -1.50626, 1.46152, -2.96777, -0.00305724
85.998, 0.0406961, -0.000781172, -3.2342, -1.5063, 1.46164, -2.96794, -0.00306009
86.0778, 0.0441721, -0.0124074, -3.22935, -1.50634, 1.46177, -2.96811, -0.00306295
86.1576, 0.0529106, -0.020785, -3.2245, -1.50637, 1.4619, -2.96827, -0.00306581
86.2374, 0.0646243, -0.0237514, -3.21967, -1.50641, 1.46202, -2.96844, -0.00306867
86.3199, 0.0766235, -0.0203418, -3.21467, -1.50645, 1.46216, -2.96861, -0.00307164
86.4025, 0.0852208, -0.0113225, -3.20967, -1.50649, 1.46229, -2.96878, -0.0030746
86.4851, 0.0880716, 0.000801291, -3.20468, -1.50653, 1.46242, -2.96895, -0.00307756
86.5676, 0.0844184, 0.0127104, -3.1997, -1.50657, 1.46255, -2.96912, -0.00308052
86.6502, 0.0752662, 0.0211676, -3.19473, -1.50661, 1.46268, -2.96929, -0.00308349
86.7327, 0.0631079, 0.0238815, -3.18976, -1.50665, 1.46281, -2.96946, -0.00308645
86.8153, 0.0512483, 0.0201359, -3.18479, -1.50669, 1.46294, -2.96963, -0.00308942
86.8979, 0.0428846, 0.0109798, -3.17983, -1.50673, 1.46307, -2.9698, -0.00309239
86.9804, 0.0402332, -0.00109075, -3.17488, -1.50677, 1.4632, -2.96997, -0.00309536
87.063, 0.0439629, -0.0128319, -3.16993, -1.50681, 1.46333, -2.97014, -0.00309833
87.1455, 0.0530453, -0.0211099, -3.16499, -1.50685, 1.46346, -2.97031, -0.0031013
87.2281, 0.0650293, -0.0237231, -3.16006, -1.50689, 1.46359, -2.97048, -0.00310427
87.3106, 0.0766954, -0.0199951, -3.15513, -1.50693, 1.46371, -2.97065, -0.00310724
87.3932, 0.0849346, -0.0109514, -3.15021, -1.50697, 1.46384, -2.97082, -0.00311021
87.4758, 0.0875821, 0.000987068, -3.14529, -1.50701, 1.46397, -2.97099, -0.00311319
87.5583, 0.0839614, 0.0126698, -3.14038, -1.50706, 1.4641, -2.97116, -0.00311616
87.6409, 0.0750326, 0.0210353, -3.13548, -1.5071, 1.46423, -2.97132, -0.00311914
87.7234, 0.0631409, 0.0238989, -3.13058, -1.50714, 1.46436, -2.97149, -0.00312211
87.806, 0.0514024, 0.0205305, -3.12568, -1.50718, 1.46448, -2.97166, -0.00312509
87.8886, 0.0428691, 0.011843, -3.1208, -1.50722, 1.46461, -2.97183, -0.00312807
87.9711, 0.0397231, 0.000122179, -3.11592, -1.50726, 1.46474, -2.972, -0.00313105
88.0537, 0.0427363, -0.011593, -3.11104, -1.5073, 1.46487, -2.97216, -0.00313403
88.1362, 0.0511008, -0.0202884, -3.10617, -1.50734, 1.46499, -2.97233, -0.00313701
88.2188, 0.0626388, -0.0237342, -3.10131, -1.50738, 1.46512, -2.9725, -0.00313999
88.3051, 0.074847, -0.0208019, -3.09623, -1.50742, 1.46525, -2.97267, -0.00314311
88.3914, 0.0838323, -0.0120539, -3.09116, -1.50746, 1.46539, -2.97285, -0.00314623
88.4777, 0.0871095, 4.37626e-05, -3.0861, -1.5075, 1.46552, -2.97302, -0.00314935
88.564, 0.0837945, 0.0121333, -3.08104, -1.50755, 1.46565, -2.9732, -0.00315247
88.6503, 0.0748132, 0.0208855, -3.07599, -1.50759, 1.46578, -2.97337, -0.00315559
88.7366, 0.0626442, 0.0238994, -3.07095, -1.50763, 1.46592, -2.97355, -0.00315872
88.8229, 0.050637, 0.0203678, -3.06591, -1.50767, 1.46605, -2.97372, -0.00316184
88.9093, 0.0420696, 0.0112953, -3.06088, -1.50771, 1.46618, -2.97389, -0.00316497
88.9956, 0.0392405, -0.000812004, -3.05586, -1.50776, 1.46631, -2.97407, -0.00316809
89.0819, 0.0428728, -0.0126597, -3.05084, -1.5078, 1.46644, -2.97424, -0.00317122
89.1682, 0.0519497, -0.0210477, -3.04583, -1.50784, 1.46657, -2.97441, -0.00317435
89.2545, 0.0639913, -0.0237196, -3.04082, -1.50788, 1.4667, -2.97459, -0.00317748
89.3408, 0.0757236, -0.0199764, -3.03582, -1.50793, 1.46683, -2.97476, -0.00318061
89.4271, 0.0839838, -0.0108611, -3.03083, -1.50797, 1.46696, -2.97493, -0.00318374
89.5134, 0.0865775, 0.00115789, -3.02585, -1.50801, 1.46709, -2.9751, -0.00318687
89.5997, 0.0828356, 0.012873, -3.02087, -1.50805, 1.46722, -2.97528, -0.00319001
89.686, 0.0737618, 0.0211808, -3.0159, -1.50809, 1.46735, -2.97545, -0.00319314
89.7723, 0.0617658, 0.023889, -3.01093, -1.50814, 1.46748, -2.97562, -0.00319628
89.8586, 0.0500244, 0.0203027, -3.00598, -1.50818, 1.46761, -2.97579, -0.00319941
89.9449, 0.0416209, 0.0114035, -3.00102, -1.50822, 1.46774, -2.97596, -0.00320255
90.0312, 0.0387236, -0.000443276, -2.99608, -1.50826, 1.46787, -2.97613, -0.00320569
90.1176, 0.0420456, -0.0121353, -2.99114, -1.50831, 1.468, -2.97631, -0.00320883
90.2039, 0.050689, -0.0206345, -2.98621, -1.50835, 1.46813, -2.97648, -0.00321197
90.2902, 0.0623804, -0.0237411, -2.98129, -1.50839, 1.46826, -2.97665, -0.00321511
90.3795, 0.0744283, -0.0204563, -2.9762, -1.50843, 1.46839, -2.97682, -0.00321836
90.4688, 0.0831215, -0.0115122, -2.97111, -1.50848, 1.46852, -2.977, -0.00322161
90.5581, 0.086083, 0.000597504, -2.96604, -1.50852, 1.46865, -2.97718, -0.00322487
90.6474, 0.0825248, 0.0125479, -2.96097, -1.50857, 1.46879, -2.97735, -0.00322812
90.7367, 0.0734299, 0.0210841, -2.95591, -1.50861, 1.46892, -2.97753, -0.00323138
90.826, 0.0612813, 0.0238909, -2.95086, -1.50865, 1.46905, -2.97771, -0.00323464
90.9153, 0.049386, 0.020228, -2.94581, -1.5087, 1.46918, -2.97788, -0.00323789
91.0046, 0.0409538, 0.011126, -2.94077, -1.50874, 1.46931, -2.97806, -0.00324115
91.094, 0.0382189, -0.000929098, -2.93574, -1.50879, 1.46945, -2.97823, -0.00324441
91.1833, 0.0418693, -0.0126943, -2.93071, -1.50883, 1.46958, -2.97841, -0.00324767
91.2726, 0.0508937, -0.021029, -2.9257, -1.50887, 1.46971, -2.97858, -0.00325094
91.3619, 0.0628536, -0.023718, -2.92068, -1.50892, 1.46984, -2.97876, -0.0032542
91.4512, 0.0745347, -0.0200676, -2.91568, -1.50896, 1.46997, -2.97893, -0.00325746
91.5405, 0.0828252, -0.0110844, -2.91068, -1.50901, 1.4701, -2.97911, -0.00326073
91.6298, 0.0855493, 0.000826488, -2.90569, -1.50905, 1.47023, -2.97928, -0.003264
91.7191, 0.0820125, 0.0125243, -2.90071, -1.50909, 1.47036, -2.97945, -0.00326726
91.8084, 0.0731535, 0.0209487, -2.89574, -1.50914, 1.47049, -2.97963, -0.00327053
91.8977, 0.0612959, 0.0239052, -2.89077, -1.50918, 1.47062, -2.9798, -0.0032738
91.9871, 0.0495405, 0.0206432, -2.88581, -1.50922, 1.47075, -2.97998, -0.00327707
92.0764, 0.0409354, 0.0120482, -2.88085, -1.50927, 1.47088, -2.98015, -0.00328035
92.1657, 0.0376731, 0.000378353, -2.87591, -1.50931, 1.47101, -2.98032, -0.00328362
92.255, 0.04055, -0.0113482, -2.87097, -1.50936, 1.47114, -2.98049, -0.00328689
92.3443, 0.0487917, -0.0201245, -2.86604, -1.5094, 1.47127, -2.98067, -0.00329017
92.4336, 0.0602571, -0.0237098, -2.86111, -1.50944, 1.4714, -2.98084, -0.00329344
92.5273, 0.0725152, -0.0209303, -2.85595, -1.50949, 1.47153, -2.98102, -0.00329688
92.621, 0.0816118, -0.0122796, -2.8508, -1.50954, 1.47167, -2.9812, -0.00330032
92.7147, 0.0850238, -0.000206463, -2.84565, -1.50958, 1.4718, -2.98138, -0.00330376
92.8085, 0.081829, 0.0119281, -2.84052, -1.50963, 1.47193, -2.98156, -0.0033072
92.9022, 0.0729246, 0.0207756, -2.83539, -1.50968, 1.47207, -2.98174, -0.00331065
92.9959, 0.0607733, 0.0239063, -2.83027, -1.50972, 1.4722, -2.98192, -0.00331409
93.0896, 0.0487251, 0.020482, -2.82515, -1.50977, 1.47234, -2.9821, -0.00331754
93.1833, 0.0400719, 0.0114822, -2.82005, -1.50981, 1.47247, -2.98228, -0.00332098
93.277, 0.0371348, -0.000602348, -2.81495, -1.50986, 1.4726, -2.98246, -0.00332443
93.3708, 0.0406628, -0.01248, -2.80986, -1.50991, 1.47274, -2.98264, -0.00332788
93.4645, 0.0496629, -0.0209426, -2.80478, -1.50995, 1.47287, -2.98282, -0.00333133
93.5582, 0.0616729, -0.0237156, -2.7997, -1.51, 1.473, -2.983, -0.00333478
93.6519, 0.0734268, -0.0200758, -2.79464, -1.51005, 1.47313, -2.98318, -0.00333824
93.7456, 0.0817574, -0.0110403, -2.78958, -1.51009, 1.47327, -2.98336, -0.00334169
93.8393, 0.0844543, 0.000943963, -2.78453, -1.51014, 1.4734, -2.98354, -0.00334514
93.933, 0.0808238, 0.0126818, -2.77949, -1.51018, 1.47353, -2.98372, -0.0033486
94.0268, 0.0718404, 0.0210697, -2.77445, -1.51023, 1.47366, -2.98389, -0.00335206
94.1205, 0.0598858, 0.0239006, -2.76943, -1.51028, 1.47379, -2.98407, -0.00335552
94.2142, 0.0481184, 0.0204514, -2.76441, -1.51032, 1.47393, -2.98425, -0.00335898
94.3079, 0.0396189, 0.0116675, -2.75939, -1.51037, 1.47406, -2.98443, -0.00336244
94.4016, 0.0365717, -0.000120226, -2.75439, -1.51042, 1.47419, -2.9846, -0.0033659
94.4953, 0.0397228, -0.0118338, -2.7494, -1.51046, 1.47432, -2.98478, -0.00336936
94.589, 0.0482178, -0.0204411, -2.74441, -1.51051, 1.47445, -2.98496, -0.00337282
94.6828, 0.0598275, -0.0237249, -2.73943, -1.51055, 1.47458, -2.98514, -0.00337629
94.7802, 0.0719433, -0.0206262, -2.73426, -1.5106, 1.47472, -2.98532, -0.00337989
94.8776, 0.0807778, -0.0117977, -2.7291, -1.51065, 1.47485, -2.9855, -0.0033835
94.975, 0.0839066, 0.000286652, -2.72395, -1.5107, 1.47499, -2.98569, -0.0033871
95.0724, 0.0804955, 0.0122968, -2.71881, -1.51075, 1.47512, -2.98587, -0.00339071
95.1698, 0.071492, 0.0209526, -2.71368, -1.5108, 1.47526, -2.98605, -0.00339431
95.2672, 0.0593617, 0.0239028, -2.70855, -1.51084, 1.47539, -2.98623, -0.00339792
95.3646, 0.0474134, 0.0203688, -2.70343, -1.51089, 1.47553, -2.98642, -0.00340153
95.462, 0.0388757, 0.0113513, -2.69833, -1.51094, 1.47566, -2.9866, -0.00340514
95.5594, 0.036012, -0.00068024, -2.69323, -1.51099, 1.47579, -2.98678, -0.00340876
95.6568, 0.0395411, -0.0124841, -2.68814, -1.51104, 1.47593, -2.98696, -0.00341237
95.7542, 0.048479, -0.0209077, -2.68305, -1.51108, 1.47606, -2.98715, -0.00341598
95.8516, 0.0604059, -0.0237135, -2.67798, -1.51113, 1.47619, -2.98733, -0.0034196
95.949, 0.0721143, -0.0201791, -2.67291, -1.51118, 1.47633, -2.98751, -0.00342322
96.0464, 0.0804849, -0.011283, -2.66785, -1.51123, 1.47646, -2.98769, -0.00342684
96.1438, 0.0833227, 0.000591559, -2.6628, -1.51128, 1.47659, -2.98787, -0.00343046
96.2412, 0.0799061, 0.0123151, -2.65776, -1.51133, 1.47673, -2.98805, -0.00343408
96.3386, 0.0711431, 0.0208254, -2.65273, -1.51137, 1.47686, -2.98823, -0.0034377
96.436, 0.0593293, 0.0239112, -2.64771, -1.51142, 1.47699, -2.98841, -0.00344132
96.5369, 0.0471639, 0.0205701, -2.64251, -1.51147, 1.47713, -2.9886, -0.00344508
96.6378, 0.0384029, 0.0115528, -2.63732, -1.51152, 1.47726, -2.98879, -0.00344883
96.7387, 0.035427, -0.000608176, -2.63215, -1.51157, 1.4774, -2.98897, -0.00345259
96.8396, 0.039002, -0.0125546, -2.62698, -1.51162, 1.47754, -2.98916, -0.00345635
96.9405, 0.0481054, -0.0210173, -2.62182, -1.51167, 1.47767, -2.98934, -0.00346011
97.0414, 0.0602116, -0.0236944, -2.61667, -1.51172, 1.47781, -2.98953, -0.00346387
97.1424, 0.0719855, -0.0198827, -2.61152, -1.51177, 1.47794, -2.98972, -0.00346764
97.2433, 0.0802155, -0.0106611, -2.60639, -1.51182, 1.47808, -2.9899, -0.0034714
97.3442, 0.0826938, 0.00144212, -2.60127, -1.51187, 1.47821, -2.99009, -0.00347517
97.4451, 0.0787786, 0.0131627, -2.59615, -1.51192, 1.47835, -2.99027, -0.00347893
97.546, 0.069533, 0.021367, -2.59104, -1.51197, 1.47848, -2.99046, -0.0034827
97.6469, 0.0574363, 0.0238748, -2.58595, -1.51202, 1.47862, -2.99064, -0.00348647
97.7478, 0.0457186, 0.0200446, -2.58086, -1.51207, 1.47875, -2.99083, -0.00349024
97.8487, 0.037476, 0.0109361, -2.57578, -1.51212, 1.47889, -2.99101, -0.00349402
97.9497, 0.0348431, -0.00100982, -2.57071, -1.51217, 1.47902, -2.99119, -0.00349779
98.0506, 0.0384609, -0.0126443, -2.56565, -1.51222, 1.47916, -2.99138, -0.00350156
98.1515, 0.0473418, -0.0209277, -2.5606, -1.51227, 1.47929, -2.99156, -0.00350534
98.2524, 0.0591322, -0.023709, -2.55555, -1.51232, 1.47942, -2.99175, -0.00350912
98.3533, 0.0707295, -0.0202894, -2.55052, -1.51237, 1.47956, -2.99193, -0.0035129
98.4542, 0.0791119, -0.0115974, -2.54549, -1.51242, 1.47969, -2.99211, -0.00351668
98.5551, 0.08213, 8.82687e-05, -2.54047, -1.51247, 1.47982, -2.99229, -0.00352046
98.656, 0.079033, 0.0117554, -2.53547, -1.51252, 1.47995, -2.99248, -0.00352424
98.757, 0.070628, 0.0204252, -2.53047, -1.51257, 1.48009, -2.99266, -0.00352802
98.8579, 0.0590676, 0.023897, -2.52548, -1.51262, 1.48022, -2.99284, -0.00353181
98.9643, 0.0467165, 0.0210035, -2.52023, -1.51268, 1.48036, -2.99303, -0.0035358
99.0706, 0.037595, 0.0122521, -2.51499, -1.51273, 1.4805, -2.99323, -0.00353979
99.177, 0.0342092, 0.000130886, -2.50975, -1.51278, 1.48064, -2.99342, -0.00354379
99.2834, 0.0374439, -0.0119762, -2.50453, -1.51283, 1.48077, -2.99361, -0.00354778
99.3898, 0.0463571, -0.0207228, -2.49932, -1.51289, 1.48091, -2.9938, -0.00355178
99.4962, 0.0584487, -0.0237071, -2.49412, -1.51294, 1.48105, -2.99399, -0.00355578
99.6026, 0.070354, -0.0201357, -2.48893, -1.51299, 1.48119, -2.99418, -0.00355978
99.7089, 0.078794, -0.0110335, -2.48375, -1.51305, 1.48133, -2.99437, -0.00356378
99.8153, 0.0814829, 0.0010784, -2.47857, -1.5131, 1.48146, -2.99456, -0.00356779
99.9217, 0.0777176, 0.0129029, -2.47341, -1.51315, 1.4816, -2.99475, -0.00357179
100.028, 0.0685313, 0.0212517, -2.46826, -1.5132, 1.48174, -2.99494, -0.0035758
100.134, 0.056409, 0.0238883, -2.46312, -1.51326, 1.48188, -2.99513, -0.0035798
100.241, 0.0446138, 0.0201331, -2.45798, -1.51331, 1.48201, -2.99532, -0.00358381
100.347, 0.0362867, 0.0110362, -2.45286, -1.51336, 1.48215, -2.99551, -0.00358782
100.454, 0.0335991, -0.000944297, -2.44775, -1.51342, 1.48229, -2.9957, -0.00359183
100.56, 0.0372088, -0.0126258, -2.44264, -1.51347, 1.48242, -2.99589, -0.00359585
100.666, 0.0461203, -0.0209347, -2.43755, -1.51352, 1.48256, -2.99608, -0.00359986
100.773, 0.0579532, -0.0236994, -2.43246, -1.51357, 1.48269, -2.99627, -0.00360388
100.879, 0.0695715, -0.0202228, -2.42739, -1.51363, 1.48283, -2.99646, -0.0036079
100.986, 0.0779277, -0.0114562, -2.42232, -1.51368, 1.48296, -2.99665, -0.00361191
101.092, 0.0808666, 0.000286345, -2.41727, -1.51373, 1.4831, -2.99683, -0.00361593
101.198, 0.0776543, 0.0119594, -2.41222, -1.51379, 1.48323, -2.99702, -0.00361996
101.305, 0.0691334, 0.0205656, -2.40719, -1.51384, 1.48337, -2.99721, -0.00362398
101.411, 0.0574993, 0.0239093, -2.40216, -1.51389, 1.4835, -2.9974, -0.003628
101.523, 0.0452106, 0.0208764, -2.3969, -1.51395, 1.48364, -2.99759, -0.00363223
101.634, 0.0362027, 0.0120515, -2.39165, -1.514, 1.48379, -2.99779, -0.00363645
101.746, 0.0329353, -6.81449e-05, -2.38641, -1.51406, 1.48393, -2.99798, -0.00364068
101.857, 0.0362531, -0.012116, -2.38118, -1.51411, 1.48407, -2.99818, -0.0036449
101.969, 0.0451938, -0.0207803, -2.37596, -1.51417, 1.48421, -2.99838, -0.00364913
102.081, 0.0572612, -0.0236968, -2.37075, -1.51423, 1.48435, -2.99857, -0.00365336
102.192, 0.0691155, -0.0200971, -2.36556, -1.51428, 1.48449, -2.99877, -0.00365759
102.304, 0.0775108, -0.0110098, -2.36037, -1.51434, 1.48462, -2.99896, -0.00366183
102.415, 0.0801887, 0.00106231, -2.35519, -1.51439, 1.48476, -2.99916, -0.00366606
102.527, 0.0764543, 0.0128534, -2.35003, -1.51445, 1.4849, -2.99935, -0.0036703
102.639, 0.0673273, 0.0212056, -2.34487, -1.5145, 1.48504, -2.99954, -0.00367454
102.75, 0.0552603, 0.0238982, -2.33973, -1.51456, 1.48518, -2.99974, -0.00367878
102.862, 0.0434787, 0.0202433, -2.33459, -1.51461, 1.48532, -2.99993, -0.00368302
102.973, 0.0350963, 0.0112581, -2.32947, -1.51467, 1.48546, -3.00013, -0.00368726
103.085, 0.0322814, -0.000644832, -2.32435, -1.51472, 1.48559, -3.00032, -0.00369151
103.196, 0.0357175, -0.0123269, -2.31925, -1.51478, 1.48573, -3.00051, -0.00369575
103.308, 0.0444595, -0.0207388, -2.31416, -1.51484, 1.48587, -3.00071, -0.0037
103.42, 0.0561886, -0.0237011, -2.30908, -1.51489, 1.48601, -3.0009, -0.00370425
103.531, 0.0678202, -0.0204721, -2.304, -1.51495, 1.48614, -3.00109, -0.0037085
103.643, 0.0763282, -0.0119325, -2.29894, -1.515, 1.48628, -3.00128, -0.00371275
103.754, 0.0795365, -0.000320008, -2.29389, -1.51506, 1.48642, -3.00148, -0.003717
103.87, 0.0764462, 0.0117468, -2.28868, -1.51512, 1.48656, -3.00167, -0.00372141
103.985, 0.0677039, 0.0206253, -2.28348, -1.51517, 1.4867, -3.00187, -0.00372581
104.101, 0.0556943, 0.0239199, -2.27828, -1.51523, 1.48684, -3.00207, -0.00373022
104.216, 0.0436747, 0.0207687, -2.2731, -1.51529, 1.48698, -3.00227, -0.00373462
104.332, 0.0348698, 0.0120691, -2.26793, -1.51535, 1.48712, -3.00247, -0.00373903
104.447, 0.0315927, 0.000193871, -2.26277, -1.5154, 1.48726, -3.00266, -0.00374344
104.562, 0.0346577, -0.0116788, -2.25763, -1.51546, 1.4874, -3.00286, -0.00374785
104.678, 0.0432025, -0.0204065, -2.25249, -1.51552, 1.48754, -3.00306, -0.00375227
104.793, 0.0549269, -0.0236968, -2.24736, -1.51558, 1.48768, -3.00326, -0.00375668
104.909, 0.0667046, -0.0207119, -2.24225, -1.51563, 1.48782, -3.00345, -0.0037611
105.024, 0.0754288, -0.0122813, -2.23714, -1.51569, 1.48796, -3.00365, -0.00376552
105.14, 0.0788374, -0.000645699, -2.23205, -1.51575, 1.4881, -3.00384, -0.00376994
105.255, 0.0760738, 0.0111617, -2.22697, -1.51581, 1.48824, -3.00404, -0.00377436
105.371, 0.0678706, 0.0200977, -2.2219, -1.51586, 1.48837, -3.00424, -0.00377878
105.486, 0.0563498, 0.0238765, -2.21684, -1.51592, 1.48851, -3.00443, -0.00378321
105.607, 0.0439651, 0.0213038, -2.21156, -1.51598, 1.48866, -3.00464, -0.00378784
105.728, 0.0346372, 0.0128334, -2.20628, -1.51604, 1.4888, -3.00484, -0.00379247
105.848, 0.0309077, 0.000863088, -2.20102, -1.5161, 1.48894, -3.00504, -0.00379711
105.969, 0.033742, -0.0112873, -2.19578, -1.51616, 1.48909, -3.00525, -0.00380175
106.09, 0.0423078, -0.020288, -2.19054, -1.51622, 1.48923, -3.00545, -0.00380638
106.211, 0.0542163, -0.0236924, -2.18532, -1.51628, 1.48937, -3.00566, -0.00381103
106.332, 0.0661805, -0.020604, -2.1801, -1.51634, 1.48952, -3.00586, -0.00381567
106.452, 0.0749354, -0.0119109, -2.1749, -1.5164, 1.48966, -3.00606, -0.00382031
106.573, 0.0781341, -2.76058e-06, -2.16972, -1.51646, 1.4898, -3.00626, -0.00382496
106.694, 0.0749479, 0.0119112, -2.16454, -1.51652, 1.48994, -3.00647, -0.00382961
106.815, 0.0662475, 0.0206568, -2.15937, -1.51658, 1.49009, -3.00667, -0.00383426
106.936, 0.0543596, 0.0239234, -2.15422, -1.51664, 1.49023, -3.00687, -0.00383891
107.056, 0.0424428, 0.0208761, -2.14908, -1.5167, 1.49037, -3.00707, -0.00384356
107.177, 0.033628, 0.0123681, -2.14395, -1.51676, 1.49051, -3.00727, -0.00384822
107.298, 0.0301816, 0.000674982, -2.13883, -1.51682, 1.49065, -3.00748, -0.00385288
107.419, 0.0329422, -0.0111377, -2.13372, -1.51688, 1.49079, -3.00768, -0.00385753
107.54, 0.0411418, -0.0200094, -2.12863, -1.51694, 1.49093, -3.00788, -0.0038622
107.661, 0.0526164, -0.0236607, -2.12355, -1.517, 1.49107, -3.00808, -0.00386686
107.787, 0.0648499, -0.020931, -2.11825, -1.51707, 1.49122, -3.00829, -0.00387173
107.913, 0.0739481, -0.0123391, -2.11297, -1.51713, 1.49137, -3.0085, -0.0038766
108.039, 0.0773992, -0.000318825, -2.10769, -1.51719, 1.49151, -3.0087, -0.00388148
108.165, 0.0742818, 0.0117946, -2.10243, -1.51725, 1.49166, -3.00891, -0.00388636
108.291, 0.0654741, 0.0206812, -2.09719, -1.51732, 1.4918, -3.00912, -0.00389124
108.418, 0.0533992, 0.0239266, -2.09195, -1.51738, 1.49195, -3.00933, -0.00389612
108.544, 0.0413562, 0.0206802, -2.08673, -1.51744, 1.49209, -3.00954, -0.003901
108.67, 0.0325962, 0.0118751, -2.08152, -1.51751, 1.49224, -3.00975, -0.00390588
108.796, 0.0294308, -6.87942e-05, -2.07633, -1.51757, 1.49238, -3.00995, -0.00391077
108.922, 0.0326444, -0.011935, -2.07114, -1.51763, 1.49253, -3.01016, -0.00391566
109.049, 0.0413249, -0.0205657, -2.06597, -1.51769, 1.49267, -3.01037, -0.00392055
109.175, 0.0531198, -0.0236849, -2.06081, -1.51776, 1.49282, -3.01057, -0.00392544
109.301, 0.0648664, -0.0205003, -2.05567, -1.51782, 1.49296, -3.01078, -0.00393034
109.427, 0.0734527, -0.0119015, -2.05053, -1.51788, 1.4931, -3.01099, -0.00393523
109.553, 0.076646, -0.000184511, -2.04541, -1.51795, 1.49325, -3.01119, -0.00394013
109.68, 0.0736447, 0.0115854, -2.0403, -1.51801, 1.49339, -3.0114, -0.00394503
109.806, 0.0652473, 0.0203665, -2.03521, -1.51807, 1.49353, -3.0116, -0.00394994
109.932, 0.0536331, 0.0239093, -2.03012, -1.51813, 1.49367, -3.01181, -0.00395484
110.064, 0.0412669, 0.0210583, -2.0248, -1.5182, 1.49382, -3.01202, -0.00395998
110.197, 0.0321115, 0.0123493, -2.0195, -1.51827, 1.49397, -3.01224, -0.00396513
110.329, 0.0286684, 0.000262148, -2.01421, -1.51833, 1.49412, -3.01245, -0.00397028
110.461, 0.0318228, -0.0118343, -2.00893, -1.5184, 1.49427, -3.01267, -0.00397543
110.594, 0.040645, -0.0206113, -2.00366, -1.51846, 1.49442, -3.01288, -0.00398058
110.726, 0.0526613, -0.0236769, -1.99841, -1.51853, 1.49457, -3.0131, -0.00398574
110.858, 0.0645408, -0.020229, -1.99317, -1.5186, 1.49471, -3.01331, -0.0039909
110.991, 0.0730323, -0.0112612, -1.98795, -1.51866, 1.49486, -3.01352, -0.00399606
111.123, 0.075857, 0.000754578, -1.98274, -1.51873, 1.49501, -3.01374, -0.00400122
111.255, 0.0722873, 0.0125734, -1.97754, -1.51879, 1.49515, -3.01395, -0.00400638
111.388, 0.0632999, 0.0210425, -1.97235, -1.51886, 1.4953, -3.01416, -0.00401155
111.52, 0.0513024, 0.023925, -1.96718, -1.51893, 1.49545, -3.01437, -0.00401672
111.652, 0.0394847, 0.0204925, -1.96202, -1.51899, 1.49559, -3.01458, -0.00402188
111.785, 0.030948, 0.0117046, -1.95688, -1.51906, 1.49574, -3.0148, -0.00402706
111.917, 0.0278797, -8.8152e-05, -1.95175, -1.51912, 1.49589, -3.01501, -0.00403223
112.05, 0.031014, -0.0117964, -1.94663, -1.51919, 1.49603, -3.01522, -0.00403741
112.182, 0.0394819, -0.0203914, -1.94152, -1.51925, 1.49618, -3.01543, -0.00404258
112.314, 0.0510489, -0.0236712, -1.93643, -1.51932, 1.49632, -3.01564, -0.00404776
112.452, 0.0631095, -0.0205975, -1.93115, -1.51939, 1.49647, -3.01586, -0.00405315
112.589, 0.0719135, -0.0118298, -1.92589, -1.51946, 1.49662, -3.01608, -0.00405853
112.727, 0.0750662, 0.000180771, -1.92064, -1.51953, 1.49677, -3.0163, -0.00406392
112.864, 0.0717427, 0.0121479, -1.91541, -1.51959, 1.49692, -3.01651, -0.00406931
113.002, 0.0628667, 0.02084, -1.91019, -1.51966, 1.49707, -3.01673, -0.0040747
113.139, 0.0508455, 0.0239338, -1.90498, -1.51973, 1.49722, -3.01695, -0.0040801
113.277, 0.0389132, 0.0206366, -1.89979, -1.5198, 1.49737, -3.01717, -0.00408549
113.414, 0.0302377, 0.0118849, -1.89461, -1.51987, 1.49752, -3.01738, -0.00409089
113.552, 0.0270669, 4.80555e-05, -1.88945, -1.51994, 1.49766, -3.0176, -0.00409629
113.689, 0.0301679, -0.0117372, -1.88429, -1.52, 1.49781, -3.01782, -0.00410169
113.827, 0.0386685, -0.0203886, -1.87916, -1.52007, 1.49796, -3.01803, -0.0041071
113.964, 0.0502993, -0.023667, -1.87404, -1.52014, 1.49811, -3.01825, -0.00411251
114.102, 0.0619939, -0.0207559, -1.86893, -1.52021, 1.49826, -3.01847, -0.00411791
114.239, 0.0707087, -0.0124617, -1.86383, -1.52028, 1.4984, -3.01868, -0.00412333
114.377, 0.0742193, -0.000962976, -1.85875, -1.52035, 1.49855, -3.0189, -0.00412874
114.52, 0.0714307, 0.0112293, -1.85347, -1.52042, 1.4987, -3.01912, -0.00413438
114.663, 0.0628685, 0.0203512, -1.84821, -1.52049, 1.49885, -3.01934, -0.00414002
114.806, 0.0508901, 0.0239291, -1.84297, -1.52056, 1.49901, -3.01957, -0.00414566
114.949, 0.0387644, 0.0210274, -1.83773, -1.52063, 1.49916, -3.01979, -0.00415131
115.092, 0.0297573, 0.0124898, -1.83252, -1.5207, 1.49931, -3.02001, -0.00415695
115.235, 0.0262366, 0.000663957, -1.82731, -1.52077, 1.49946, -3.02023, -0.0041626
115.378, 0.029071, -0.0112716, -1.82213, -1.52084, 1.49961, -3.02046, -0.00416826
115.522, 0.037444, -0.0201535, -1.81695, -1.52092, 1.49976, -3.02068, -0.00417391
115.665, 0.0490883, -0.0236531, -1.8118, -1.52099, 1.49991, -3.0209, -0.00417957
115.808, 0.0608928, -0.0208865, -1.80665, -1.52106, 1.50006, -3.02112, -0.00418523
115.951, 0.0697453, -0.0126338, -1.80152, -1.52113, 1.50021, -3.02134, -0.00419089
116.094, 0.0733581, -0.00109196, -1.79641, -1.5212, 1.50036, -3.02156, -0.00419655
116.242, 0.0706251, 0.011135, -1.79112, -1.52127, 1.50052, -3.02179, -0.00420242
116.391, 0.0620854, 0.0203074, -1.78585, -1.52135, 1.50067, -3.02202, -0.0042083
116.539, 0.0500986, 0.0239305, -1.78059, -1.52142, 1.50083, -3.02225, -0.00421418
116.688, 0.0379461, 0.0210555, -1.77535, -1.52149, 1.50098, -3.02248, -0.00422006
116.836, 0.0289096, 0.0125228, -1.77013, -1.52157, 1.50113, -3.0227, -0.00422594
116.984, 0.0253694, 0.000686609, -1.76492, -1.52164, 1.50129, -3.02293, -0.00423183
117.133, 0.028199, -0.0112633, -1.75972, -1.52172, 1.50144, -3.02316, -0.00423772
117.281, 0.0365791, -0.0201528, -1.75454, -1.52179, 1.50159, -3.02338, -0.00424361
117.43, 0.0482336, -0.0236478, -1.74938, -1.52186, 1.50175, -3.02361, -0.0042495
117.578, 0.0600417, -0.0208655, -1.74423, -1.52194, 1.5019, -3.02384, -0.0042554
117.726, 0.0688851, -0.0125934, -1.7391, -1.52201, 1.50205, -3.02406, -0.0042613
117.875, 0.0724755, -0.00103781, -1.73398, -1.52208, 1.5022, -3.02429, -0.0042672
118.028, 0.0697173, 0.0111782, -1.72869, -1.52216, 1.50236, -3.02452, -0.00427331
118.182, 0.0611644, 0.020331, -1.72342, -1.52224, 1.50252, -3.02475, -0.00427943
118.336, 0.049178, 0.0239352, -1.71817, -1.52231, 1.50267, -3.02499, -0.00428555
118.489, 0.0370354, 0.0210501, -1.71293, -1.52239, 1.50283, -3.02522, -0.00429167
118.643, 0.0280093, 0.0125197, -1.70771, -1.52246, 1.50299, -3.02545, -0.00429779
118.797, 0.0244714, 0.000694687, -1.70251, -1.52254, 1.50314, -3.02568, -0.00430392
118.95, 0.0272905, -0.0112434, -1.69732, -1.52262, 1.5033, -3.02591, -0.00431005
119.104, 0.0356492, -0.0201307, -1.69214, -1.52269, 1.50345, -3.02615, -0.00431618
119.258, 0.0472803, -0.0236401, -1.68699, -1.52277, 1.50361, -3.02638, -0.00432231
119.411, 0.0590757, -0.0208892, -1.68185, -1.52285, 1.50376, -3.02661, -0.00432845
119.565, 0.0679284, -0.0126566, -1.67672, -1.52292, 1.50392, -3.02684, -0.00433459
119.719, 0.0715547, -0.00113354, -1.67161, -1.523, 1.50407, -3.02707, -0.00434073
119.878, 0.068843, 0.0110985, -1.66632, -1.52308, 1.50423, -3.02731, -0.00434711
120.037, 0.0603206, 0.0202871, -1.66105, -1.52316, 1.50439, -3.02754, -0.00435349
120.197, 0.0483429, 0.0239367, -1.6558, -1.52324, 1.50455, -3.02778, -0.00435987
120.356, 0.036186, 0.0210955, -1.65056, -1.52331, 1.50471, -3.02802, -0.00436626
120.516, 0.0271267, 0.0125977, -1.64534, -1.52339, 1.50486, -3.02826, -0.00437264
120.675, 0.0235436, 0.000787077, -1.64014, -1.52347, 1.50502, -3.02849, -0.00437904
120.835, 0.0263148, -0.0111585, -1.63495, -1.52355, 1.50518, -3.02873, -0.00438543
120.994, 0.0346332, -0.0200749, -1.62978, -1.52363, 1.50534, -3.02897, -0.00439183
121.154, 0.0462415, -0.0236302, -1.62463, -1.52371, 1.50549, -3.0292, -0.00439823
121.313, 0.0580388, -0.0209322, -1.61949, -1.52379, 1.50565, -3.02944, -0.00440463
121.473, 0.0669206, -0.0127469, -1.61437, -1.52387, 1.50581, -3.02967, -0.00441103
121.632, 0.0705988, -0.00125195, -1.60927, -1.52395, 1.50596, -3.02991, -0.00441744
121.798, 0.0679437, 0.0110018, -1.60398, -1.52403, 1.50613, -3.03015, -0.00442411
121.964, 0.0594562, 0.0202348, -1.59871, -1.52411, 1.50629, -3.0304, -0.00443077
122.13, 0.047486, 0.0239377, -1.59345, -1.52419, 1.50645, -3.03064, -0.00443744
122.295, 0.0353104, 0.0211452, -1.58821, -1.52427, 1.50661, -3.03088, -0.00444412
122.461, 0.0262129, 0.0126808, -1.583, -1.52436, 1.50677, -3.03113, -0.00445079
122.627, 0.0225814, 0.000882586, -1.57779, -1.52444, 1.50693, -3.03137, -0.00445747
122.793, 0.0253046, -0.0110733, -1.57261, -1.52452, 1.50709, -3.03161, -0.00446416
122.959, 0.0335848, -0.02002, -1.56744, -1.5246, 1.50725, -3.03185, -0.00447084
123.124, 0.045173, -0.0236196, -1.56229, -1.52468, 1.50741, -3.0321, -0.00447753
123.29, 0.0569736, -0.0209705, -1.55716, -1.52477, 1.50757, -3.03234, -0.00448422
123.456, 0.0658823, -0.0128274, -1.55204, -1.52485, 1.50773, -3.03258, -0.00449091
123.622, 0.069607, -0.0013567, -1.54694, -1.52493, 1.50789, -3.03282, -0.00449761
123.794, 0.0670021, 0.010916, -1.54165, -1.52502, 1.50805, -3.03307, -0.00450459
123.967, 0.0585458, 0.0201884, -1.53638, -1.5251, 1.50822, -3.03332, -0.00451156
124.14, 0.0465827, 0.0239392, -1.53113, -1.52519, 1.50838, -3.03357, -0.00451855
124.312, 0.0343908, 0.0211911, -1.5259, -1.52527, 1.50855, -3.03382, -0.00452553
124.485, 0.0252586, 0.0127586, -1.52068, -1.52536, 1.50871, -3.03407, -0.00453252
124.657, 0.0215821, 0.000973437, -1.51548, -1.52544, 1.50887, -3.03432, -0.00453951
124.83, 0.0242586, -0.0109904, -1.5103, -1.52553, 1.50904, -3.03456, -0.0045465
125.003, 0.0325001, -0.0199652, -1.50514, -1.52561, 1.5092, -3.03481, -0.0045535
125.175, 0.0440662, -0.0236082, -1.49999, -1.5257, 1.50936, -3.03506, -0.0045605
125.348, 0.0558677, -0.0210091, -1.49487, -1.52578, 1.50953, -3.03531, -0.0045675
125.52, 0.0648028, -0.012911, -1.48976, -1.52587, 1.50969, -3.03555, -0.00457451
125.693, 0.0685755, -0.00146774, -1.48467, -1.52595, 1.50985, -3.0358, -0.00458152
125.873, 0.066024, 0.0108247, -1.47938, -1.52604, 1.51002, -3.03606, -0.00458883
126.053, 0.0576013, 0.0201388, -1.47411, -1.52613, 1.51018, -3.03631, -0.00459615
126.233, 0.0456462, 0.0239405, -1.46886, -1.52622, 1.51035, -3.03657, -0.00460347
126.413, 0.0334373, 0.0212402, -1.46363, -1.52631, 1.51052, -3.03683, -0.00461079
126.593, 0.0242682, 0.0128421, -1.45841, -1.5264, 1.51069, -3.03708, -0.00461812
126.773, 0.0205431, 0.0010716, -1.45322, -1.52649, 1.51085, -3.03734, -0.00462545
126.953, 0.0231691, -0.0109004, -1.44804, -1.52657, 1.51102, -3.03759, -0.00463278
127.133, 0.0313682, -0.0199054, -1.44289, -1.52666, 1.51118, -3.03785, -0.00464011
127.313, 0.0429098, -0.0235955, -1.43775, -1.52675, 1.51135, -3.0381, -0.00464745
127.499, 0.0550777, -0.02086, -1.43246, -1.52684, 1.51152, -3.03836, -0.00465505
127.685, 0.0641154, -0.0123057, -1.42719, -1.52693, 1.51169, -3.03863, -0.00466264
127.871, 0.0675514, -0.000355316, -1.42194, -1.52703, 1.51186, -3.03889, -0.00467024
128.057, 0.0644897, 0.0116994, -1.41671, -1.52712, 1.51203, -3.03915, -0.00467784
128.243, 0.0557961, 0.020597, -1.41149, -1.52721, 1.5122, -3.03941, -0.00468545
128.429, 0.0438372, 0.0239681, -1.4063, -1.5273, 1.51237, -3.03967, -0.00469306
128.615, 0.0318268, 0.0209615, -1.40113, -1.52739, 1.51254, -3.03993, -0.00470067
128.801, 0.0229362, 0.0124496, -1.39598, -1.52748, 1.51271, -3.04019, -0.00470829
128.987, 0.0194437, 0.00074099, -1.39084, -1.52758, 1.51287, -3.04045, -0.00471591
129.173, 0.022174, -0.011075, -1.38573, -1.52767, 1.51304, -3.04071, -0.00472353
129.36, 0.0303357, -0.0199367, -1.38063, -1.52776, 1.51321, -3.04097, -0.00473116
129.546, 0.0417519, -0.023584, -1.37556, -1.52785, 1.51338, -3.04123, -0.00473879
129.74, 0.0539066, -0.0208875, -1.37028, -1.52795, 1.51355, -3.0415, -0.00474676
129.934, 0.0629573, -0.0123799, -1.36502, -1.52804, 1.51372, -3.04177, -0.00475473
130.128, 0.0664374, -0.000465882, -1.35979, -1.52814, 1.5139, -3.04203, -0.0047627
130.323, 0.0634431, 0.0115823, -1.35457, -1.52823, 1.51407, -3.0423, -0.00477068
130.517, 0.0548209, 0.0205175, -1.34938, -1.52833, 1.51424, -3.04257, -0.00477867
130.711, 0.04291, 0.0239711, -1.34421, -1.52842, 1.51442, -3.04284, -0.00478666
130.905, 0.0308976, 0.021076, -1.33905, -1.52852, 1.51459, -3.04311, -0.00479465
131.099, 0.0219402, 0.0126736, -1.33392, -1.52861, 1.51476, -3.04337, -0.00480264
131.294, 0.0183206, 0.00103507, -1.32881, -1.52871, 1.51493, -3.04364, -0.00481064
131.488, 0.0208887, -0.0107828, -1.32371, -1.5288, 1.5151, -3.0439, -0.00481865
131.682, 0.0288954, -0.0197347, -1.31864, -1.5289, 1.51527, -3.04417, -0.00482665
131.876, 0.0402133, -0.0235517, -1.31359, -1.52899, 1.51544, -3.04444, -0.00483466
132.08, 0.0524218, -0.0210513, -1.30831, -1.52909, 1.51562, -3.04471, -0.00484307
132.284, 0.0616099, -0.0126773, -1.30306, -1.52919, 1.5158, -3.04499, -0.00485148
132.487, 0.0652668, -0.000806693, -1.29783, -1.52929, 1.51597, -3.04527, -0.00485989
132.691, 0.0624405, 0.0112915, -1.29261, -1.52939, 1.51615, -3.04554, -0.00486831
132.895, 0.0539357, 0.0203511, -1.28743, -1.52949, 1.51633, -3.04582, -0.00487673
133.098, 0.0420643, 0.0239689, -1.28226, -1.52959, 1.5165, -3.0461, -0.00488515
133.302, 0.0300062, 0.0212355, -1.27711, -1.52969, 1.51668, -3.04637, -0.00489358
133.506, 0.0209314, 0.0129526, -1.27199, -1.52979, 1.51686, -3.04665, -0.00490201
133.71, 0.0171515, 0.0013638, -1.26688, -1.52989, 1.51703, -3.04692, -0.00491045
133.913, 0.0195544, -0.0104855, -1.2618, -1.52999, 1.51721, -3.0472, -0.00491889
134.117, 0.0274294, -0.0195432, -1.25674, -1.53009, 1.51738, -3.04747, -0.00492734
134.321, 0.038681, -0.0235168, -1.2517, -1.53019, 1.51755, -3.04774, -0.00493579
134.534, 0.0508861, -0.0212066, -1.24645, -1.5303, 1.51774, -3.04803, -0.00494464
134.747, 0.0601783, -0.0130111, -1.24122, -1.5304, 1.51792, -3.04832, -0.00495349
134.96, 0.0640325, -0.00124776, -1.23601, -1.5305, 1.5181, -3.0486, -0.00496234
135.173, 0.0614506, 0.0108613, -1.23083, -1.53061, 1.51828, -3.04889, -0.0049712
135.386, 0.0531689, 0.0200683, -1.22567, -1.53071, 1.51846, -3.04917, -0.00498007
135.6, 0.0414252, 0.0239487, -1.22053, -1.53082, 1.51864, -3.04945, -0.00498894
135.813, 0.0293431, 0.0215319, -1.21541, -1.53092, 1.51882, -3.04974, -0.00499781
136.026, 0.0200751, 0.0135331, -1.21032, -1.53102, 1.519, -3.05002, -0.00500669
136.239, 0.0159638, 0.00210748, -1.20524, -1.53113, 1.51917, -3.0503, -0.00501557
136.461, 0.0181745, -0.0102001, -1.19999, -1.53124, 1.51936, -3.0506, -0.00502481
136.682, 0.026273, -0.0195971, -1.19477, -1.53134, 1.51954, -3.05089, -0.00503406
136.904, 0.037951, -0.0235431, -1.18957, -1.53145, 1.51973, -3.05118, -0.00504331
137.126, 0.0499618, -0.0210264, -1.18439, -1.53156, 1.51991, -3.05147, -0.00505256
137.347, 0.0590338, -0.0128099, -1.17923, -1.53167, 1.5201, -3.05177, -0.00506182
137.569, 0.0627624, -0.0011634, -1.1741, -1.53178, 1.52028, -3.05206, -0.00507108
137.791, 0.0602086, 0.0107985, -1.16899, -1.53189, 1.52046, -3.05235, -0.00508035
138.012, 0.052085, 0.0199458, -1.16391, -1.53199, 1.52064, -3.05264, -0.00508962
138.234, 0.040535, 0.0239304, -1.15885, -1.5321, 1.52083, -3.05293, -0.0050989
138.464, 0.028129, 0.0215796, -1.15361, -1.53221, 1.52102, -3.05323, -0.00510854
138.694, 0.0186552, 0.0133634, -1.14841, -1.53233, 1.5212, -3.05353, -0.00511818
138.924, 0.0146208, 0.00160574, -1.14322, -1.53244, 1.52139, -3.05383, -0.00512783
139.155, 0.0170059, -0.0104779, -1.13806, -1.53255, 1.52158, -3.05413, -0.00513749
139.385, 0.0250657, -0.0196573, -1.13293, -1.53266, 1.52176, -3.05443, -0.00514714
139.615, 0.0365675, -0.0235275, -1.12782, -1.53277, 1.52195, -3.05472, -0.00515681
139.845, 0.0484063, -0.0211299, -1.12273, -1.53289, 1.52214, -3.05502, -0.00516648
140.075, 0.0574533, -0.0131758, -1.11767, -1.533, 1.52232, -3.05532, -0.00517615
140.305, 0.0613834, -0.00180083, -1.11263, -1.53311, 1.52251, -3.05562, -0.00518583
140.546, 0.0589944, 0.0105487, -1.10739, -1.53323, 1.5227, -3.05593, -0.00519596
140.787, 0.0506814, 0.0199919, -1.10217, -1.53334, 1.52289, -3.05624, -0.00520609
141.028, 0.0387646, 0.0239689, -1.09698, -1.53346, 1.52309, -3.05655, -0.00521623
141.268, 0.0265089, 0.021462, -1.09181, -1.53358, 1.52328, -3.05685, -0.00522638
141.509, 0.0172001, 0.0132406, -1.08667, -1.53369, 1.52347, -3.05716, -0.00523653
141.75, 0.0132473, 0.00158639, -1.08155, -1.53381, 1.52366, -3.05747, -0.00524668
141.991, 0.0155846, -0.0103764, -1.07646, -1.53393, 1.52385, -3.05778, -0.00525684
142.231, 0.0234901, -0.0195156, -1.0714, -1.53404, 1.52404, -3.05808, -0.00526701
142.472, 0.0348138, -0.0234891, -1.06636, -1.53416, 1.52423, -3.05839, -0.00527718
142.722, 0.0469821, -0.0211303, -1.06115, -1.53428, 1.52443, -3.05871, -0.00528775
142.972, 0.0562141, -0.0129138, -1.05596, -1.5344, 1.52462, -3.05903, -0.00529833
143.223, 0.0600121, -0.00116565, -1.05081, -1.53452, 1.52482, -3.05934, -0.00530892
143.473, 0.0574044, 0.0109058, -1.04567, -1.53465, 1.52501, -3.05966, -0.00531951
143.723, 0.0491375, 0.0200832, -1.04057, -1.53477, 1.52521, -3.05998, -0.0053301
143.973, 0.0374348, 0.0239742, -1.03549, -1.53489, 1.5254, -3.06029, -0.0053407
144.223, 0.0253832, 0.021625, -1.03044, -1.53501, 1.5256, -3.06061, -0.00535131
144.473, 0.0160909, 0.0137378, -1.02541, -1.53513, 1.52579, -3.06092, -0.00536192
144.723, 0.0118703, 0.00242541, -1.02041, -1.53525, 1.52598, -3.06123, -0.00537254
144.985, 0.0139006, -0.00987568, -1.01522, -1.53538, 1.52618, -3.06156, -0.00538363
145.246, 0.0218169, -0.0193553, -1.01005, -1.5355, 1.52638, -3.06189, -0.00539473
145.507, 0.0333609, -0.023476, -1.00492, -1.53563, 1.52658, -3.06221, -0.00540584
145.768, 0.0453386, -0.0211983, -0.999806, -1.53576, 1.52678, -3.06254, -0.00541695
146.029, 0.0545146, -0.0132265, -0.994723, -1.53588, 1.52698, -3.06286, -0.00542806
146.29, 0.0584851, -0.00175134, -0.989667, -1.53601, 1.52718, -3.06319, -0.00543919
146.561, 0.0560675, 0.0106009, -0.984452, -1.53614, 1.52739, -3.06352, -0.00545073
146.832, 0.0477301, 0.0200327, -0.979265, -1.53627, 1.52759, -3.06386, -0.00546228
147.103, 0.0358033, 0.0239945, -0.974108, -1.5364, 1.5278, -3.06419, -0.00547383
147.374, 0.0235504, 0.0214834, -0.968979, -1.53653, 1.528, -3.06453, -0.00548539
147.645, 0.0142431, 0.0132781, -0.963879, -1.53666, 1.5282, -3.06486, -0.00549696
147.916, 0.0102717, 0.00165567, -0.958808, -1.53679, 1.52841, -3.0652, -0.00550854
148.187, 0.0125584, -0.0102787, -0.953764, -1.53692, 1.52861, -3.06553, -0.00552012
148.458, 0.0203853, -0.0194194, -0.948748, -1.53705, 1.52881, -3.06586, -0.0055317
148.728, 0.0316261, -0.0234454, -0.943761, -1.53718, 1.52901, -3.06619, -0.0055433
149.011, 0.0437808, -0.0211797, -0.938591, -1.53732, 1.52922, -3.06654, -0.00555539
149.293, 0.0530474, -0.0130549, -0.933452, -1.53745, 1.52943, -3.06688, -0.00556748
149.575, 0.0569296, -0.00137199, -0.928342, -1.53759, 1.52964, -3.06723, -0.00557959
149.858, 0.0544438, 0.0106889, -0.923262, -1.53773, 1.52984, -3.06757, -0.0055917
150.14, 0.0463062, 0.0199335, -0.918212, -1.53786, 1.53005, -3.06791, -0.00560382
150.423, 0.0346948, 0.0239751, -0.91319, -1.538, 1.53026, -3.06825, -0.00561594
150.705, 0.0226477, 0.0218371, -0.908198, -1.53813, 1.53046, -3.0686, -0.00562807
150.987, 0.0132392, 0.0141706, -0.903235, -1.53827, 1.53067, -3.06894, -0.00564021
151.27, 0.00877869, 0.00301878, -0.8983, -1.5384, 1.53087, -3.06928, -0.00565235
151.565, 0.0104763, -0.00927442, -0.893168, -1.53855, 1.53109, -3.06963, -0.00566506
151.86, 0.0180703, -0.0189215, -0.888068, -1.53869, 1.5313, -3.06999, -0.00567778
152.156, 0.0293987, -0.0233716, -0.882998, -1.53883, 1.53151, -3.07034, -0.00569051
152.451, 0.0413524, -0.0215182, -0.87796, -1.53897, 1.53173, -3.0707, -0.00570324
152.747, 0.0507378, -0.0139545, -0.872951, -1.53911, 1.53194, -3.07105, -0.00571598
153.042, 0.0551289, -0.00274507, -0.867973, -1.53925, 1.53215, -3.0714, -0.00572873
153.349, 0.0532687, 0.00961106, -0.862835, -1.5394, 1.53237, -3.07177, -0.00574198
153.655, 0.0454488, 0.0193604, -0.857729, -1.53955, 1.53259, -3.07213, -0.00575523
153.962, 0.033831, 0.0239105, -0.852655, -1.53969, 1.5328, -3.0725, -0.00576849
154.269, 0.0215452, 0.0221248, -0.847613, -1.53984, 1.53302, -3.07286, -0.00578176
154.576, 0.0118146, 0.0145862, -0.842603, -1.53999, 1.53324, -3.07322, -0.00579504
154.883, 0.00709104, 0.00336757, -0.837624, -1.54013, 1.53345, -3.07359, -0.00580832
155.189, 0.00845989, -0.00858121, -0.832677, -1.54028, 1.53367, -3.07395, -0.00582162
155.496, 0.015436, -0.0182129, -0.82776, -1.54043, 1.53388, -3.07431, -0.00583491
155.803, 0.0261408, -0.0231374, -0.822875, -1.54057, 1.5341, -3.07467, -0.00584822
156.122, 0.0382557, -0.0220368, -0.817825, -1.54073, 1.53432, -3.07504, -0.00586207
156.441, 0.0481223, -0.0150063, -0.812807, -1.54088, 1.53454, -3.07542, -0.00587593
156.76, 0.0531521, -0.00400513, -0.807823, -1.54103, 1.53476, -3.07579, -0.0058898
157.08, 0.0520956, 0.0080467, -0.802871, -1.54118, 1.53498, -3.07616, -0.00590368
157.399, 0.0452883, 0.0180524, -0.797951, -1.54133, 1.5352, -3.07654, -0.00591756
157.718, 0.0345062, 0.023512, -0.793064, -1.54149, 1.53542, -3.07691, -0.00593145
158.037, 0.0224801, 0.0231293, -0.788208, -1.54164, 1.53564, -3.07728, -0.00594535
158.356, 0.0121776, 0.0171022, -0.783385, -1.54179, 1.53586, -3.07765, -0.00595926
158.675, 0.00604815, 0.00701225, -0.778592, -1.54194, 1.53607, -3.07802, -0.00597318
159.008, 0.0055505, -0.0051044, -0.773636, -1.5421, 1.5363, -3.0784, -0.00598767
159.34, 0.0110178, -0.0157593, -0.768713, -1.54226, 1.53652, -3.07878, -0.00600218
159.672, 0.0209191, -0.0222659, -0.763824, -1.54242, 1.53675, -3.07916, -0.00601669
160.005, 0.0326453, -0.0230525, -0.758968, -1.54257, 1.53697, -3.07955, -0.00603121
160.337, 0.0432012, -0.0180249, -0.754145, -1.54273, 1.5372, -3.07993, -0.00604574
160.669, 0.049977, -0.00853115, -0.749354, -1.54289, 1.53742, -3.08031, -0.00606028
161.002, 0.0513706, 0.00304483, -0.744596, -1.54305, 1.53764, -3.08069, -0.00607483
161.348, 0.0468204, 0.0143053, -0.739672, -1.54321, 1.53787, -3.08108, -0.00608999
161.694, 0.0373718, 0.0219262, -0.734783, -1.54338, 1.5381, -3.08148, -0.00610517
162.04, 0.0254589, 0.0240414, -0.729929, -1.54354, 1.53833, -3.08187, -0.00612036
162.387, 0.0140682, 0.0202222, -0.725109, -1.5437, 1.53856, -3.08226, -0.00613555
162.733, 0.00596035, 0.0115299, -0.720323, -1.54387, 1.53879, -3.08265, -0.00615075
163.079, 0.00299676, 0.00017607, -0.71557, -1.54403, 1.53901, -3.08304, -0.00616596
163.445, 0.00606533, -0.0116535, -0.710583, -1.5442, 1.53925, -3.08346, -0.00618205
163.811, 0.014529, -0.020253, -0.705632, -1.54438, 1.53949, -3.08387, -0.00619815
164.177, 0.0260401, -0.0234403, -0.700718, -1.54455, 1.53973, -3.08428, -0.00621426
164.543, 0.0375312, -0.0204964, -0.695841, -1.54472, 1.53997, -3.08469, -0.00623038
164.91, 0.046041, -0.0122948, -0.691001, -1.5449, 1.5402, -3.0851, -0.00624651
165.276, 0.049466, -0.000995771, -0.686196, -1.54507, 1.54044, -3.08551, -0.00626265
165.662, 0.0467259, 0.0111551, -0.681162, -1.54525, 1.54069, -3.08594, -0.0062797
166.049, 0.0382858, 0.0203152, -0.676168, -1.54543, 1.54094, -3.08637, -0.00629676
166.435, 0.0264542, 0.0241019, -0.671212, -1.54562, 1.54118, -3.0868, -0.00631383
166.822, 0.014366, 0.021625, -0.666296, -1.5458, 1.54143, -3.08723, -0.00633091
167.208, 0.00511574, 0.0136627, -0.661418, -1.54598, 1.54167, -3.08766, -0.006348
167.595, 0.000951252, 0.00236962, -0.656579, -1.54616, 1.54192, -3.08808, -0.00636511
168, 0.00299862, -0.00988839, -0.651541, -1.54635, 1.54218, -3.08853, -0.00638307
168.406, 0.0108632, -0.0192795, -0.646544, -1.54654, 1.54243, -3.08898, -0.00640104
168.812, 0.022268, -0.0233424, -0.641588, -1.54674, 1.54268, -3.08942, -0.00641902
169.217, 0.0340685, -0.0211106, -0.636673, -1.54693, 1.54294, -3.08986, -0.00643701
169.623, 0.0431278, -0.0133065, -0.631798, -1.54712, 1.54319, -3.09031, -0.00645502
170.029, 0.0471406, -0.00205946, -0.626964, -1.54731, 1.54344, -3.09075, -0.00647303
170.455, 0.0449089, 0.0102787, -0.621927, -1.54751, 1.54371, -3.09121, -0.00649198
170.881, 0.0367811, 0.0198272, -0.616933, -1.54771, 1.54397, -3.09168, -0.00651093
171.307, 0.0250176, 0.0240721, -0.611983, -1.54791, 1.54423, -3.09214, -0.00652989
171.734, 0.0127736, 0.0219998, -0.607075, -1.54811, 1.54449, -3.0926, -0.00654887
172.16, 0.003214, 0.0143012, -0.602209, -1.54831, 1.54475, -3.09306, -0.00656786
172.586, -0.00132176, 0.00309347, -0.597386, -1.54851, 1.54501, -3.09352, -0.00658686
173.029, 0.000315259, -0.00914272, -0.592418, -1.54871, 1.54528, -3.094, -0.00660662
173.472, 0.00777258, -0.0187358, -0.587494, -1.54892, 1.54555, -3.09447, -0.00662638
173.915, 0.0189, -0.0232116, -0.582614, -1.54913, 1.54582, -3.09494, -0.00664617
174.358, 0.0306643, -0.0215188, -0.577778, -1.54934, 1.54608, -3.09542, -0.00666596
174.8, 0.0399835, -0.0142388, -0.572986, -1.54954, 1.54635, -3.09589, -0.00668576
175.243, 0.0445257, -0.0033412, -0.568235, -1.54975, 1.54661, -3.09636, -0.00670558
175.709, 0.0430149, 0.00897433, -0.563285, -1.54997, 1.54689, -3.09686, -0.00672644
176.175, 0.035573, 0.0189063, -0.558381, -1.55018, 1.54716, -3.09735, -0.00674731
176.641, 0.024241, 0.0238925, -0.553524, -1.5504, 1.54744, -3.09784, -0.00676819
177.106, 0.0119991, 0.0227535, -0.548711, -1.55062, 1.54771, -3.09833, -0.00678908
177.572, 0.00194387, 0.0159347, -0.543944, -1.55084, 1.54799, -3.09882, -0.00680999
178.038, -0.00351671, 0.00529551, -0.539221, -1.55105, 1.54826, -3.09931, -0.00683092
178.522, -0.00308877, -0.00688006, -0.534366, -1.55128, 1.54854, -3.09982, -0.00685265
179.005, 0.00321098, -0.0170579, -0.529557, -1.5515, 1.54882, -3.10032, -0.00687439
179.489, 0.0135744, -0.0226849, -0.524795, -1.55173, 1.5491, -3.10083, -0.00689615
179.972, 0.0252369, -0.0224531, -0.520079, -1.55195, 1.54938, -3.10133, -0.00691793
180.456, 0.0352221, -0.0165694, -0.515409, -1.55218, 1.54966, -3.10183, -0.00693971
180.939, 0.0410974, -0.00661344, -0.510784, -1.5524, 1.54993, -3.10233, -0.00696151
181.447, 0.041398, 0.00550219, -0.505979, -1.55264, 1.55022, -3.10286, -0.0069844
181.954, 0.0357345, 0.0162247, -0.501223, -1.55287, 1.55051, -3.10338, -0.00700731
182.461, 0.0256253, 0.0228887, -0.496514, -1.55311, 1.5508, -3.10391, -0.00703023
182.969, 0.0136327, 0.0239433, -0.491854, -1.55334, 1.55109, -3.10443, -0.00705317
183.476, 0.00267549, 0.0192803, -0.48724, -1.55358, 1.55137, -3.10495, -0.00707612
183.984, -0.00471116, 0.0101759, -0.482674, -1.55381, 1.55165, -3.10547, -0.00709908
184.51, -0.00693107, -0.00154515, -0.477984, -1.55405, 1.55195, -3.106, -0.00712292
185.037, -0.00329245, -0.0126611, -0.473343, -1.5543, 1.55224, -3.10654, -0.00714678
185.563, 0.00510953, -0.0204982, -0.468751, -1.55454, 1.55253, -3.10707, -0.00717065
186.09, 0.0160926, -0.0232744, -0.464207, -1.55478, 1.55282, -3.10761, -0.00719454
186.651, 0.0276185, -0.0200999, -0.459411, -1.55504, 1.55313, -3.10818, -0.00722005
187.213, 0.0359506, -0.0116092, -0.454668, -1.5553, 1.55344, -3.10874, -0.00724557
187.775, 0.0390039, -0.000124058, -0.449978, -1.55556, 1.55375, -3.10931, -0.00727111
188.361, 0.0358711, 0.0118533, -0.445147, -1.55583, 1.55406, -3.1099, -0.00729774
188.946, 0.0272448, 0.0207277, -0.440372, -1.5561, 1.55438, -3.11048, -0.00732439
189.531, 0.0154479, 0.0242898, -0.435653, -1.55637, 1.5547, -3.11107, -0.00735105
190.14, 0.0030683, 0.0215712, -0.430802, -1.55665, 1.55502, -3.11167, -0.0073788
190.749, -0.00621376, 0.0132509, -0.42601, -1.55693, 1.55535, -3.11228, -0.00740656
191.358, -0.0101434, 0.00169613, -0.421275, -1.55721, 1.55567, -3.11288, -0.00743435
191.967, -0.00796213, -0.0100333, -0.416597, -1.55749, 1.55599, -3.11348, -0.00746215
192.576, -0.000474457, -0.0189965, -0.411976, -1.55777, 1.55632, -3.11409, -0.00748997
193.185, 0.0102544, -0.0230746, -0.40741, -1.55805, 1.55664, -3.11468, -0.00751781
193.837, 0.0222287, -0.0210993, -0.402575, -1.55835, 1.55698, -3.11533, -0.00754768
194.49, 0.0314406, -0.0133223, -0.397802, -1.55865, 1.55732, -3.11597, -0.00757757
195.143, 0.03549, -0.00198793, -0.39309, -1.55895, 1.55766, -3.1166, -0.00760748
195.819, 0.033265, 0.0102696, -0.388277, -1.55926, 1.55801, -3.11726, -0.00763845
196.495, 0.025254, 0.0198102, -0.383528, -1.55956, 1.55835, -3.11792, -0.00766944
197.17, 0.0136617, 0.0242297, -0.378842, -1.55987, 1.5587, -3.11857, -0.00770046
197.846, 0.00149763, 0.0225691, -0.374218, -1.56018, 1.55904, -3.11923, -0.00773149
198.522, -0.00825379, 0.0154589, -0.369654, -1.56049, 1.55939, -3.11988, -0.00776255
199.197, -0.0133816, 0.00482922, -0.365152, -1.5608, 1.55973, -3.12053, -0.00779362
199.916, -0.0126913, -0.00737395, -0.360426, -1.56113, 1.56009, -3.12122, -0.0078267
200.635, -0.00617518, -0.0173472, -0.355767, -1.56145, 1.56045, -3.1219, -0.0078598
201.354, 0.00421945, -0.0226269, -0.351173, -1.56178, 1.56081, -3.12259, -0.00789292
202.073, 0.0156854, -0.0220617, -0.346643, -1.56211, 1.56116, -3.12327, -0.00792606
202.792, 0.025318, -0.0160018, -0.342177, -1.56244, 1.56152, -3.12396, -0.00795923
203.511, 0.0308335, -0.00608631, -0.337773, -1.56276, 1.56187, -3.12464, -0.00799241
204.278, 0.030865, 0.00601367, -0.33314, -1.56311, 1.56225, -3.12536, -0.00802785
205.046, 0.0250102, 0.0166144, -0.328577, -1.56346, 1.56262, -3.12608, -0.00806331
205.813, 0.0148518, 0.0231511, -0.324081, -1.56381, 1.56299, -3.1268, -0.00809879
206.58, 0.00292097, 0.0241973, -0.319651, -1.56416, 1.56336, -3.12752, -0.00813429
207.379, -0.00837005, 0.0194351, -0.315112, -1.56452, 1.56375, -3.12827, -0.00817126
208.178, -0.0158976, 0.0101281, -0.310642, -1.56488, 1.56413, -3.12901, -0.00820826
208.976, -0.0181022, -0.00130056, -0.306241, -1.56524, 1.56451, -3.12975, -0.00824527
209.816, -0.0144629, -0.0126005, -0.301684, -1.56562, 1.56491, -3.13053, -0.00828423
210.656, -0.00596631, -0.0204165, -0.297201, -1.566, 1.5653, -3.1313, -0.00832321
211.496, 0.00503204, -0.0229857, -0.29279, -1.56638, 1.5657, -3.13208, -0.00836222
212.382, 0.016252, -0.0196013, -0.288218, -1.56678, 1.56611, -3.13289, -0.00840335
213.267, 0.0242084, -0.0111034, -0.283724, -1.56718, 1.56652, -3.1337, -0.00844451
214.153, 0.0269979, 0.000189355, -0.279306, -1.56758, 1.56693, -3.13451, -0.00848569
215.09, 0.0237612, 0.0120698, -0.274711, -1.568, 1.56736, -3.13536, -0.00852929
216.027, 0.0151779, 0.0208881, -0.270199, -1.56842, 1.56778, -3.13621, -0.00857292
216.964, 0.00352555, 0.0245812, -0.265767, -1.56885, 1.56821, -3.13706, -0.00861657
217.957, -0.00898432, 0.0221922, -0.261158, -1.56929, 1.56866, -3.13795, -0.00866285
218.95, -0.0185519, 0.0142762, -0.256635, -1.56974, 1.5691, -3.13884, -0.00870915
219.943, -0.0230208, 0.00311662, -0.252198, -1.57019, 1.56955, -3.13973, -0.00875547
220.994, -0.0214143, -0.00902987, -0.24759, -1.57066, 1.57001, -3.14067, -0.00880454
222.045, -0.0141737, -0.0183676, -0.243075, 4.71206, 1.57048, 3.14158, -0.00885364
223.097, -0.00353872, -0.0226603, -0.238649, 1.56999, -1.57066, 3.14065, -0.00890276
224.204, 0.00814431, -0.0208608, -0.23408, 1.5695, -1.57017, 3.13967, -0.00895453
225.312, 0.0171568, -0.013401, -0.229607, 1.569, -1.56969, 3.13869, -0.00900633
226.419, 0.0212545, -0.00246677, -0.225227, 1.5685, -1.56922, 3.13772, -0.00905815
227.588, 0.0193416, 0.00972051, -0.220701, 1.56798, -1.56872, 3.1367, -0.00911288
228.758, 0.0117479, 0.0194484, -0.216275, 1.56746, -1.56822, 3.13568, -0.00916763
229.927, 0.000544129, 0.0244363, -0.211945, 1.56694, -1.56773, 3.13466, -0.00922241
231.16, -0.0121365, 0.0235559, -0.20748, 1.56639, -1.56721, 3.1336, -0.0092802
232.394, -0.0226051, 0.016986, -0.203118, 1.56584, -1.5667, 3.13253, -0.00933802
233.627, -0.0285706, 0.00668431, -0.198855, 1.56529, -1.56619, 3.13147, -0.00939586
234.935, -0.0288928, -0.00537223, -0.194441, 1.5647, -1.56565, 3.13035, -0.00945721
236.242, -0.0234997, -0.0155516, -0.190134, 1.56412, -1.56512, 3.12924, -0.00951857
237.55, -0.0141761, -0.0215147, -0.185931, 1.56354, -1.56459, 3.12812, -0.00957995
238.933, -0.00284509, -0.0220069, -0.181597, 1.56292, -1.56403, 3.12695, -0.00964487
240.316, 0.00701301, -0.0168014, -0.177373, 1.56231, -1.56348, 3.12578, -0.0097098
241.699, 0.0130392, -0.00749306, -0.173256, 1.56169, -1.56293, 3.12462, -0.00977475
243.168, 0.0138936, 0.00425762, -0.168997, 1.56104, -1.56235, 3.12339, -0.00984372
244.636, 0.00909198, 0.0150491, -0.164853, 1.56039, -1.56177, 3.12216, -0.00991271
246.105, -3.53535e-05, 0.0224933, -0.160819, 1.55974, -1.5612, 3.12094, -0.0099817
247.673, -0.0121321, 0.0251994, -0.156632, 1.55904, -1.5606, 3.11964, -0.0100553
249.315, -0.0243522, 0.0220169, -0.152373, 1.55832, -1.55997, 3.11829, -0.0101325
250.957, -0.0333816, 0.0139361, -0.14824, 1.55759, -1.55935, 3.11694, -0.0102096
252.6, -0.0375505, 0.00321287, -0.14423, 1.55686, -1.55873, 3.11559, -0.0102868
254.405, -0.0361122, -0.00858304, -0.139959, 1.55607, -1.55806, 3.11412, -0.0103715
256.209, -0.0294432, -0.0175544, -0.135827, 1.55527, -1.55739, 3.11266, -0.0104562
258.014, -0.0197136, -0.0218202, -0.131827, 1.55447, -1.55673, 3.1112, -0.0105409
260.014, -0.00847453, -0.0204012, -0.127546, 1.55359, -1.556, 3.10959, -0.0106347
262.013, 0.000237079, -0.0134625, -0.123416, 1.5527, -1.55528, 3.10798, -0.0107285
264.013, 0.00437893, -0.00314174, -0.119433, 1.55182, -1.55457, 3.10639, -0.0108222
266.186, 0.0029193, 0.00889545, -0.115263, 1.55086, -1.5538, 3.10466, -0.0109239
268.359, -0.00401357, 0.0188745, -0.111252, 1.5499, -1.55304, 3.10294, -0.0110256
270.532, -0.0145358, 0.0247355, -0.107393, 1.54895, -1.55228, 3.10123, -0.0111272
272.921, -0.0274096, 0.0254575, -0.103318, 1.54789, -1.55146, 3.09935, -0.0112388
275.311, -0.0387699, 0.0206782, -0.0994115, 1.54684, -1.55065, 3.09749, -0.0113503
277.782, -0.0466822, 0.0117217, -0.0955417, 1.54575, -1.54982, 3.09557, -0.0114654
280.439, -0.0496781, 0.000282756, -0.0915657, 1.54458, -1.54894, 3.09352, -0.011589
283.196, -0.0470369, -0.0105764, -0.0876288, 1.54336, -1.54803, 3.09139, -0.0117171
285.954, -0.0400937, -0.0180612, -0.0838769, 1.54215, -1.54714, 3.08928, -0.0118449
288.926, -0.0303344, -0.0210029, -0.0800292, 1.54084, -1.54618, 3.08702, -0.0119824
292.133, -0.0202413, -0.0182541, -0.0760945, 1.53942, -1.54517, 3.08459, -0.0121304
295.339, -0.0131449, -0.0107898, -0.0723712, 1.53801, -1.54416, 3.08217, -0.012278
298.747, -0.0104134, -0.000135433, -0.0686319, 1.5365, -1.54311, 3.07961, -0.0124344
302.515, -0.0133334, 0.0117903, -0.0647431, 1.53484, -1.54196, 3.0768, -0.0126067
306.283, -0.0212364, 0.0212119, -0.0610952, 1.53317, -1.54083, 3.07401, -0.0127783
310.275, -0.0327388, 0.0267681, -0.0574753, 1.53141, -1.53965, 3.07106, -0.0129594
314.733, -0.0463138, 0.0271932, -0.0537097, 1.52943, -1.53836, 3.06779, -0.0131606
319.191, -0.0579739, 0.0225656, -0.050214, 1.52745, -1.53708, 3.06453, -0.0133606
324.031, -0.0666245, 0.0140142, -0.0466996, 1.5253, -1.53572, 3.06102, -0.0135765
329.427, -0.0707628, 0.00314344, -0.0430986, 1.5229, -1.53423, 3.05713, -0.0138153
335.131, -0.0697418, -0.00699082, -0.0396215, 1.52035, -1.53268, 3.05303, -0.0140655
341.148, -0.064729, -0.0141729, -0.0362861, 1.51765, -1.53109, 3.04874, -0.0143269
347.851, -0.0572164, -0.0171714, -0.0329308, 1.51464, -1.52935, 3.04398, -0.0146148
355.438, -0.0493309, -0.0149678, -0.0295417, 1.51121, -1.52742, 3.03863, -0.014936
363.483, -0.0439021, -0.0082228, -0.026364, 1.50756, -1.52543, 3.03299, -0.0152711
372.512, -0.0423064, 0.00185043, -0.0232415, 1.50343, -1.52326, 3.02668, -0.0156397
383.251, -0.0458598, 0.0139871, -0.0200511, 1.49848, -1.52075, 3.01922, -0.0160673
394.879, -0.0541904, 0.0249149, -0.0171353, 1.49306, -1.51812, 3.01118, -0.0165159
408.286, -0.0664919, 0.0336679, -0.0143454, 1.48673, -1.5152, 3.00193, -0.0170134
424.691, -0.0819951, 0.0395388, -0.0116004, 1.47885, -1.51177, 2.99062, -0.0175908
444.418, -0.0984923, 0.0421429, -0.00905062, 1.46916, -1.50784, 2.97701, -0.0182358
468.112, -0.114134, 0.0425177, -0.00678689, 1.45717, -1.50339, 2.96055, -0.0189334
498.419, -0.128622, 0.0424192, -0.00477289, 1.44115, -1.49805, 2.9392, -0.0196919
539.053, -0.14178, 0.0439672, -0.00306185, 1.41824, -1.49147, 2.90971, -0.0204532
592.319, -0.153054, 0.0490185, -0.00179567, 1.38512, -1.48369, 2.86881, -0.0209739
669.394, -0.163285, 0.0593714, -0.00091394, 1.32871, -1.47389, 2.80259, -0.0207336
788.767, -0.172319, 0.0770532, -0.000402922, 1.21019, -1.46142, 2.67161, -0.0182312
960.104, -0.178749, 0.103909, -0.000197302, 0.905012, -1.4481, 2.35311, -0.0121605
1059.56, -0.17979, 0.120478, -0.000152679, 0.583922, -1.44242, 2.02634, -0.00929407
1185.94, -0.177651, 0.133421, -9.06847e-05, 0.00567568, -1.43709, 1.44277, -0.00916822
1312.32, -0.175553, 0.132635, -3.71393e-05, -0.503199, -1.43368, 0.930481, -0.0156466
1460.46, -0.174748, 0.129604, -1.61817e-05, -0.837004, -1.43192, 0.594918, -0.0334232
1627.8, -0.17419, 0.128068, -1.70805e-06, -1.02438, -1.4326, 0.408218, -0.064096
1821.79, -0.174273, 0.128094, 5.15139e-07, -1.13677, -1.43656, 0.299791, -0.103394
2072.94, -0.174603, 0.128178, 2.4011e-07, -1.21133, -1.44606, 0.234733, -0.139491
2283.38, -0.174872, 0.128216, 1.78524e-07, -1.24216, -1.45705, 0.214881, -0.145597
