1, 1.23721, -0, -3.8455e-07, -0.333586, 1.27893, -1.61252
1.001, 1.23721, -9.64023e-13, -3.84545e-07, -0.33108, 1.27893, -1.61001
1.0055, 1.23721, -2.91512e-11, -3.84467e-07, -0.319802, 1.27894, -1.59874
1.02575, 1.23721, -6.3654e-10, -3.82921e-07, -0.269112, 1.27895, -1.54806
1.11687, 1.23721, -1.21372e-08, -3.54104e-07, -0.048103, 1.279, -1.3271
1.52694, 1.23721, -9.76588e-08, -1.40111e-07, 0.593394, 1.27922, -0.685828
3.37222, 1.23721, -1.50527e-07, -1.23329e-08, 1.07676, 1.28024, -0.203474
11.676, 1.23721, -1.57859e-07, -6.38966e-09, 1.20457, 1.28478, -0.0802044
49.0429, 1.23721, -8.83696e-07, -4.59147e-06, 1.22618, 1.30457, -0.0783854
156.612, 1.23716, -0.0015658, -0.000960091, 1.20927, 1.35589, -0.146628
246.664, 1.23509, -0.0130565, -0.00231455, 1.18947, 1.39318, -0.203713
320.624, 1.22598, -0.0334358, -0.00302408, 1.17125, 1.42052, -0.249263
379.48, 1.20938, -0.0543976, -0.00341403, 1.15535, 1.4404, -0.285057
443.027, 1.17911, -0.0771213, -0.00380176, 1.13641, 1.46022, -0.323813
491.942, 1.14618, -0.0908159, -0.004159, 1.12021, 1.47442, -0.354207
544.915, 1.10152, -0.097347, -0.00469383, 1.1005, 1.48885, -0.388355
591.639, 1.05643, -0.0917363, -0.00539898, 1.08046, 1.50083, -0.420368
631.96, 1.01672, -0.0753369, -0.00631522, 1.06025, 1.51064, -0.450384
666.989, 0.986096, -0.0513905, -0.00750778, 1.03945, 1.51879, -0.479338
694.424, 0.968569, -0.0275176, -0.00887212, 1.02006, 1.52495, -0.504889
715.623, 0.961436, -0.00851562, -0.0103418, 1.0024, 1.52958, -0.527175
734.37, 0.960985, 0.00510312, -0.0121064, 0.984078, 1.53358, -0.5495
751.55, 0.964861, 0.0102678, -0.0143022, 0.964224, 1.53717, -0.572948
767.088, 0.968741, 0.00370826, -0.0170092, 0.942794, 1.54036, -0.597569
779.316, 0.967119, -0.0123326, -0.019857, 0.92277, 1.54284, -0.620066
789.27, 0.957604, -0.0334489, -0.0228484, 0.903739, 1.54483, -0.641086
797.262, 0.94056, -0.0547748, -0.0258524, 0.886183, 1.54641, -0.660224
804.391, 0.915151, -0.0749501, -0.0291351, 0.868383, 1.54781, -0.679422
810.813, 0.882014, -0.0909382, -0.032727, 0.850222, 1.54906, -0.698834
817.235, 0.83859, -0.100391, -0.0371003, 0.829589, 1.5503, -0.720709
822.795, 0.794299, -0.099028, -0.0417013, 0.809283, 1.55137, -0.742083
828.355, 0.748095, -0.085407, -0.0472806, 0.786201, 1.55243, -0.766227
832.895, 0.713865, -0.0646323, -0.0527605, 0.764857, 1.55329, -0.788434
837.063, 0.689665, -0.0399147, -0.0587135, 0.742883, 1.55408, -0.811196
840.555, 0.677303, -0.0184435, -0.0645353, 0.722408, 1.55474, -0.832329
844.175, 0.673012, -0.000643989, -0.0715479, 0.698851, 1.55542, -0.856565
847.145, 0.674546, 0.00585266, -0.0781953, 0.677459, 1.55597, -0.878512
850.29, 0.676721, 0.00021294, -0.086288, 0.652446, 1.55656, -0.90411
852.692, 0.673956, -0.0143882, -0.0933233, 0.631481, 1.557, -0.925522
855.301, 0.660568, -0.0394523, -0.101944, 0.606624, 1.55749, -0.950863
857.106, 0.641714, -0.0602171, -0.108594, 0.587989, 1.55782, -0.969831
859.123, 0.609084, -0.0828775, -0.116771, 0.565627, 1.55819, -0.992565
860.789, 0.572574, -0.0973909, -0.124189, 0.5458, 1.5585, -1.0127
862.529, 0.526854, -0.104333, -0.132638, 0.523671, 1.55882, -1.03515
864.268, 0.477383, -0.0995146, -0.141883, 0.499936, 1.55914, -1.0592
865.799, 0.435668, -0.0845741, -0.150745, 0.477578, 1.55942, -1.08184
867.331, 0.400755, -0.0613161, -0.160341, 0.453734, 1.5597, -1.10596
868.67, 0.379035, -0.0375731, -0.169373, 0.431576, 1.55994, -1.12837
870.009, 0.36696, -0.0153288, -0.179045, 0.408093, 1.56019, -1.15209
871.21, 0.363644, -0.00113979, -0.188299, 0.385815, 1.5604, -1.17459
872.411, 0.364645, 0.00355111, -0.198118, 0.362318, 1.56062, -1.19831
873.613, 0.365066, -0.00388691, -0.208522, 0.337525, 1.56084, -1.22332
874.646, 0.360077, -0.0201101, -0.217947, 0.315105, 1.56103, -1.24592
875.679, 0.345698, -0.0433334, -0.227818, 0.291616, 1.56122, -1.2696
876.591, 0.322536, -0.0663598, -0.236896, 0.269963, 1.56138, -1.29142
877.502, 0.288476, -0.0875474, -0.246314, 0.2474, 1.56155, -1.31415
878.414, 0.244496, -0.102181, -0.256061, 0.223893, 1.56171, -1.33782
879.325, 0.1941, -0.105975, -0.26612, 0.199406, 1.56187, -1.36247
880.112, 0.149927, -0.0987229, -0.27503, 0.177472, 1.56202, -1.38454
880.898, 0.10975, -0.0822461, -0.284134, 0.154765, 1.56216, -1.40739
881.684, 0.0775338, -0.0592312, -0.293408, 0.131268, 1.5623, -1.43103
882.471, 0.055797, -0.034117, -0.302821, 0.106963, 1.56244, -1.45548
883.171, 0.0455875, -0.0144165, -0.311294, 0.0846216, 1.56257, -1.47795
883.871, 0.0424355, -0.00134026, -0.319818, 0.0616218, 1.56269, -1.50107
884.572, 0.0429871, 0.00193114, -0.32836, 0.0379589, 1.56282, -1.52486
885.272, 0.0424493, -0.00609665, -0.336879, 0.0136304, 1.56294, -1.54931
885.9, 0.0366615, -0.0222175, -0.344465, -0.00875199, 1.56306, -1.57181
886.529, 0.0223099, -0.0443205, -0.351966, -0.0316665, 1.56317, -1.59484
887.157, -0.00284305, -0.0685686, -0.359344, -0.055108, 1.56328, -1.61839
887.785, -0.0392482, -0.0901836, -0.36656, -0.0790691, 1.56339, -1.64246
888.413, -0.0850486, -0.104254, -0.373573, -0.103539, 1.56351, -1.66705
889.041, -0.135941, -0.106983, -0.38034, -0.128506, 1.56362, -1.69212
889.596, -0.180304, -0.0988691, -0.386073, -0.150945, 1.56372, -1.71466
890.15, -0.219686, -0.0821107, -0.391548, -0.173746, 1.56382, -1.73756
890.705, -0.250761, -0.0597474, -0.396734, -0.196893, 1.56391, -1.76081
891.281, -0.272432, -0.03509, -0.40178, -0.221289, 1.56402, -1.78531
891.857, -0.283585, -0.014059, -0.406445, -0.24602, 1.56412, -1.81014
892.433, -0.286786, -0.00128361, -0.410693, -0.271062, 1.56422, -1.83528
893.009, -0.286573, 0.000148409, -0.414495, -0.296391, 1.56432, -1.86072
893.585, -0.288577, -0.0104113, -0.417818, -0.321977, 1.56443, -1.8864
894.161, -0.298191, -0.0308475, -0.420636, -0.347793, 1.56453, -1.91232
894.737, -0.319275, -0.0567127, -0.422925, -0.373806, 1.56463, -1.93844
895.232, -0.347703, -0.0788156, -0.424451, -0.396279, 1.56472, -1.961
895.727, -0.384887, -0.0966934, -0.425561, -0.418853, 1.56481, -1.98366
896.221, -0.428372, -0.106981, -0.426246, -0.441506, 1.56489, -2.0064
896.744, -0.476961, -0.107371, -0.426501, -0.465511, 1.56499, -2.0305
897.267, -0.523168, -0.096929, -0.42627, -0.489552, 1.56508, -2.05463
897.79, -0.562445, -0.0779726, -0.425554, -0.513601, 1.56517, -2.07877
898.34, -0.593145, -0.0532358, -0.424278, -0.538887, 1.56527, -2.10416
898.891, -0.612092, -0.0289343, -0.422475, -0.564121, 1.56537, -2.12949
899.441, -0.620833, -0.0101613, -0.420154, -0.589271, 1.56546, -2.15474
899.991, -0.622934, -0.000733475, -0.417331, -0.614307, 1.56556, -2.17987
900.542, -0.62323, -0.00244127, -0.414025, -0.639198, 1.56566, -2.20486
901.092, -0.626746, -0.0146985, -0.410256, -0.663917, 1.56576, -2.22967
901.642, -0.637593, -0.0348027, -0.406049, -0.688435, 1.56585, -2.25429
902.232, -0.660104, -0.0604127, -0.401081, -0.714474, 1.56596, -2.28043
902.822, -0.694306, -0.084654, -0.395675, -0.740222, 1.56606, -2.30628
903.412, -0.738107, -0.102293, -0.389869, -0.765651, 1.56616, -2.33181
904.003, -0.787261, -0.109667, -0.383701, -0.790736, 1.56627, -2.357
904.593, -0.836381, -0.105583, -0.377211, -0.815454, 1.56637, -2.38183
905.207, -0.882057, -0.0907497, -0.370149, -0.840793, 1.56648, -2.40727
905.822, -0.918233, -0.0689915, -0.362824, -0.86569, 1.56659, -2.43228
906.437, -0.943347, -0.0451417, -0.355281, -0.890127, 1.56669, -2.45682
907.052, -0.958034, -0.0237975, -0.347562, -0.914089, 1.5668, -2.48089
907.667, -0.964605, -0.00857742, -0.339706, -0.937563, 1.56691, -2.50447
908.282, -0.96642, -0.00168389, -0.331753, -0.96054, 1.56702, -2.52756
908.968, -0.967401, -0.00449451, -0.322803, -0.985593, 1.56714, -2.55273
909.712, -0.972414, -0.0184296, -0.313064, -1.01204, 1.56727, -2.57931
910.456, -0.985515, -0.0398801, -0.30334, -1.03774, 1.5674, -2.60514
911.233, -1.00969, -0.0650441, -0.293263, -1.06376, 1.56753, -2.63129
912.009, -1.04402, -0.0878206, -0.2833, -1.08896, 1.56767, -2.65663
912.786, -1.08591, -0.104008, -0.273493, -1.11336, 1.5678, -2.68116
913.563, -1.13145, -0.111152, -0.263874, -1.13696, 1.56794, -2.7049
914.447, -1.18236, -0.10782, -0.253183, -1.16289, 1.56809, -2.73099
915.38, -1.22949, -0.0934592, -0.24224, -1.18919, 1.56825, -2.75744
916.362, -1.268, -0.0712564, -0.231126, -1.21572, 1.56843, -2.78414
917.345, -1.29423, -0.0473593, -0.220449, -1.24111, 1.5686, -2.8097
918.327, -1.30964, -0.0264286, -0.210222, -1.2654, 1.56877, -2.83417
919.31, -1.31707, -0.0115719, -0.20045, -1.28864, 1.56894, -2.85758
920.354, -1.31997, -0.00408457, -0.190561, -1.31224, 1.56912, -2.88135
921.515, -1.32174, -0.0057707, -0.18016, -1.33721, 1.56932, -2.90652
922.878, -1.32712, -0.0186701, -0.168722, -1.36491, 1.56955, -2.93447
924.322, -1.34066, -0.0401731, -0.157482, -1.39249, 1.5698, -2.96229
925.833, -1.36469, -0.0651792, -0.146641, -1.41951, 1.57006, -2.98957
927.343, -1.39742, -0.0875968, -0.136669, -1.44481, 1.57032, -3.01513
928.853, -1.43594, -0.104044, -0.127504, -1.46853, 1.57058, -3.0391
930.544, -1.48171, -0.113575, -0.118125, -4.63494, -1.57073, -3.06422
932.498, -1.53274, -0.113311, -0.108328, -4.66158, -1.57039, -3.09119
934.675, -1.58193, -0.102194, -0.0986001, -4.68888, -1.57002, -3.11886
937.055, -1.62358, -0.0828851, -0.0892134, 1.56698, -1.56962, 3.1366
939.435, -1.65283, -0.0617253, -0.0809589, 1.542, -1.56921, 3.11122
941.815, -1.67189, -0.0425632, -0.0736817, 1.51909, -1.56881, 3.0879
944.461, -1.68444, -0.0260366, -0.0665766, 1.49577, -1.56836, 3.06413
947.405, -1.69178, -0.0145784, -0.0597088, 1.47215, -1.56787, 3.04002
950.777, -1.69617, -0.00983941, -0.0529643, 1.44771, -1.5673, 3.01501
954.804, -1.70049, -0.0132929, -0.0461946, 1.42164, -1.56663, 2.98827
960.033, -1.70904, -0.0268238, -0.0390497, 1.39201, -1.56576, 2.95777
966.338, -1.72561, -0.0484979, -0.0323027, 1.36137, -1.56472, 2.92609
973.509, -1.75085, -0.0727415, -0.0264307, 1.33183, -1.56354, 2.89537
981.424, -1.78246, -0.0947211, -0.0215263, 1.30427, -1.56225, 2.86652
990.952, -1.82078, -0.113444, -0.0171405, 1.2764, -1.56071, 2.83711
1003.12, -1.86528, -0.1274, -0.0131455, 1.24704, -1.55877, 2.80581
1018.68, -1.91208, -0.135065, -0.00968468, 1.21667, -1.55632, 2.77299
1037.97, -1.95573, -0.136972, -0.00691332, 1.18662, -1.55334, 2.73995
1063.08, -1.99532, -0.135345, -0.00469772, 1.15559, -1.54953, 2.70513
1097.17, -2.03001, -0.132497, -0.0029822, 1.12242, -1.54452, 2.66694
1144.68, -2.05891, -0.1307, -0.00173987, 1.08585, -1.53781, 2.62366
1218.57, -2.08317, -0.131789, -0.00086943, 1.04003, -1.52795, 2.56798
1354.11, -2.10287, -0.137661, -0.000319788, 0.96912, -1.51153, 2.48065
1537.82, -2.11285, -0.14521, -0.000113156, 0.877771, -1.4922, 2.36997
1801.08, -2.11763, -0.152397, -3.63509e-05, 0.736176, -1.46924, 2.20542
1844.61, -2.118, -0.153261, -3.0975e-05, 0.710761, -1.4659, 2.17666
