1, 0.767244, -0, -0.0756126, -0.803552, 1.14785, -1.9514
1.001, 0.767244, -9.57701e-08, -0.0756711, -0.802287, 1.14785, -1.95014
1.0055, 0.767244, -2.90606e-06, -0.0759326, -0.796579, 1.14785, -1.94443
1.02575, 0.767244, -6.46672e-05, -0.0770646, -0.77064, 1.14787, -1.91851
1.11687, 0.767252, -0.00140332, -0.0810643, -0.649408, 1.14795, -1.79736
1.39361, 0.767476, -0.0154474, -0.0784252, -0.26677, 1.14818, -1.41495
1.67035, 0.767594, -0.0341082, -0.0595446, 0.0618627, 1.14842, -1.08655
2.10479, 0.766775, -0.0510504, -0.0327953, 0.397067, 1.14878, -0.751715
2.53924, 0.765774, -0.0567544, -0.0189155, 0.582976, 1.14915, -0.566173
3.25404, 0.764693, -0.0586851, -0.00938673, 0.743277, 1.14975, -0.406474
4.11816, 0.76399, -0.0583511, -0.00517991, 0.839781, 1.15048, -0.310698
5.4544, 0.763416, -0.0571943, -0.00285415, 0.914032, 1.1516, -0.237569
7.71105, 0.762907, -0.0554819, -0.00167435, 0.970458, 1.15349, -0.183033
12.2833, 0.762297, -0.0526478, -0.00125857, 1.01297, 1.15729, -0.144325
21.1714, 0.761184, -0.0459792, -0.00185784, 1.03632, 1.16459, -0.128275
35.6544, 0.758556, -0.0213633, -0.00493881, 1.04238, 1.17622, -0.133837
44.7404, 0.758011, 0.0103873, -0.00822779, 1.04091, 1.18334, -0.142434
54.9358, 0.765127, 0.0672769, -0.0129709, 1.03735, 1.19118, -0.153831
63.3038, 0.787306, 0.131726, -0.0174212, 1.03354, 1.1975, -0.163964
70.3499, 0.82838, 0.194415, -0.0213557, 1.0299, 1.20275, -0.172847
75.9032, 0.882589, 0.242023, -0.0244772, 1.02681, 1.20683, -0.180016
81.1275, 0.954599, 0.274903, -0.0273715, 1.02375, 1.21063, -0.186871
86.6341, 1.04873, 0.282514, -0.0303316, 1.02039, 1.21459, -0.194192
92.1407, 1.14635, 0.250561, -0.0331612, 1.01691, 1.21851, -0.201601
97.0889, 1.21979, 0.188332, -0.035569, 1.01367, 1.22199, -0.208323
102.037, 1.26815, 0.102634, -0.0378341, 1.01034, 1.22545, -0.215103
106.472, 1.28548, 0.0133838, -0.0397351, 1.00729, 1.22851, -0.221224
110.908, 1.27493, -0.0817741, -0.0415099, 1.00417, 1.23156, -0.227386
115.343, 1.23168, -0.176139, -0.0431568, 1.00098, 1.23457, -0.233587
118.716, 1.1733, -0.239985, -0.0443238, 0.998521, 1.23685, -0.238326
122.348, 1.08524, -0.2893, -0.0454989, 0.995828, 1.23928, -0.243454
125.98, 0.979143, -0.304423, -0.046591, 0.993093, 1.2417, -0.248605
129.612, 0.873546, -0.277832, -0.0476022, 0.990319, 1.2441, -0.253781
133.244, 0.787478, -0.215855, -0.048535, 0.987504, 1.24648, -0.25898
136.876, 0.730336, -0.132106, -0.049392, 0.984648, 1.24885, -0.264204
140.508, 0.703554, -0.038042, -0.0501763, 0.981753, 1.2512, -0.269451
144.14, 0.706871, 0.0588836, -0.0508911, 0.978817, 1.25354, -0.274722
147.771, 0.741745, 0.152068, -0.0515394, 0.975841, 1.25586, -0.280017
150.8, 0.79681, 0.21965, -0.0520317, 0.973329, 1.25778, -0.284451
153.828, 0.874767, 0.267944, -0.052482, 0.970788, 1.25969, -0.288902
156.856, 0.968228, 0.285876, -0.0528924, 0.96822, 1.26159, -0.293371
159.884, 1.06234, 0.267677, -0.0532646, 0.965622, 1.26348, -0.297857
162.912, 1.14165, 0.217821, -0.0536007, 0.962997, 1.26536, -0.302362
166.084, 1.19961, 0.143255, -0.0539159, 0.960215, 1.26731, -0.307099
169.256, 1.22993, 0.0567989, -0.0541955, 0.957402, 1.26926, -0.311857
172.428, 1.23329, -0.034241, -0.0544414, 0.954556, 1.27119, -0.316636
175.599, 1.20945, -0.124602, -0.0546558, 0.951678, 1.27311, -0.321436
178.771, 1.15658, -0.207765, -0.0548404, 0.948767, 1.27502, -0.326257
181.557, 1.08531, -0.266313, -0.0549794, 0.946183, 1.27669, -0.33051
184.343, 0.994547, -0.300471, -0.0550981, 0.943573, 1.27835, -0.334781
187.13, 0.895445, -0.301483, -0.0551976, 0.940936, 1.28001, -0.33907
189.916, 0.803535, -0.268894, -0.0552791, 0.938273, 1.28165, -0.343376
192.702, 0.730608, -0.210934, -0.0553435, 0.935583, 1.28328, -0.347701
195.589, 0.679677, -0.135283, -0.0553935, 0.932767, 1.28497, -0.352202
198.477, 0.653497, -0.0523952, -0.0554274, 0.929922, 1.28665, -0.356724
201.51, 0.651242, 0.0365344, -0.0554468, 0.926901, 1.2884, -0.361497
204.543, 0.674671, 0.122614, -0.0554509, 0.923847, 1.29014, -0.366293
207.577, 0.724805, 0.19957, -0.0554407, 0.920759, 1.29187, -0.371114
210.61, 0.801191, 0.257418, -0.0554173, 0.917637, 1.2936, -0.375959
213.643, 0.896797, 0.283625, -0.0553817, 0.914481, 1.29531, -0.380829
216.676, 0.995576, 0.270503, -0.0553348, 0.911289, 1.29701, -0.385724
219.71, 1.07964, 0.222185, -0.0552776, 0.908062, 1.29871, -0.390646
222.743, 1.13886, 0.150677, -0.0552109, 0.904799, 1.30039, -0.395594
225.776, 1.17127, 0.0672266, -0.0551355, 0.9015, 1.30207, -0.40057
228.81, 1.17795, -0.0208645, -0.0550523, 0.898163, 1.30374, -0.405574
231.843, 1.15933, -0.108714, -0.0549619, 0.894789, 1.3054, -0.410607
235.014, 1.1116, -0.194514, -0.0548605, 0.89122, 1.30712, -0.415899
238.186, 1.03387, -0.264356, -0.0547528, 0.887609, 1.30883, -0.421225
240.855, 0.948255, -0.300151, -0.0546578, 0.884536, 1.31027, -0.425733
243.524, 0.85358, -0.306441, -0.0545592, 0.881432, 1.3117, -0.430265
246.417, 0.756217, -0.278434, -0.0544488, 0.878033, 1.31324, -0.435205
249.31, 0.677675, -0.222213, -0.0543352, 0.874596, 1.31477, -0.440173
252.202, 0.62349, -0.149336, -0.0542187, 0.871122, 1.31629, -0.445172
255.095, 0.593506, -0.0687839, -0.0540997, 0.867609, 1.31781, -0.450202
258.171, 0.586469, 0.0191265, -0.0539709, 0.86383, 1.31942, -0.455586
261.371, 0.605583, 0.108052, -0.053835, 0.859852, 1.32108, -0.461223
264.571, 0.652349, 0.188235, -0.0536975, 0.855824, 1.32273, -0.466901
267.77, 0.726475, 0.24977, -0.0535589, 0.851746, 1.32437, -0.472621
270.97, 0.821372, 0.279733, -0.0534196, 0.847617, 1.326, -0.478382
274.17, 0.920947, 0.269485, -0.0532799, 0.843435, 1.32762, -0.484186
277.369, 1.00642, 0.222534, -0.0531402, 0.839201, 1.32923, -0.490034
280.569, 1.06676, 0.151139, -0.0530009, 0.834912, 1.33084, -0.495927
283.769, 1.09969, 0.0671044, -0.0528622, 0.830569, 1.33244, -0.501866
286.968, 1.10628, -0.0218987, -0.0527245, 0.826169, 1.33402, -0.507853
290.168, 1.08704, -0.110818, -0.052588, 0.821713, 1.3356, -0.513887
293.484, 1.03861, -0.197072, -0.0524481, 0.817033, 1.33723, -0.520194
296.801, 0.95998, -0.267525, -0.05231, 0.812289, 1.33884, -0.526555
299.581, 0.873758, -0.303791, -0.0521958, 0.808263, 1.34019, -0.531929
302.361, 0.778268, -0.31072, -0.0520833, 0.804191, 1.34153, -0.537343
305.36, 0.680111, -0.283618, -0.0519637, 0.799744, 1.34298, -0.543232
308.36, 0.600366, -0.2284, -0.0518464, 0.795241, 1.34441, -0.549168
311.36, 0.544644, -0.156494, -0.0517313, 0.790682, 1.34584, -0.555153
314.36, 0.512829, -0.0768632, -0.0516186, 0.786066, 1.34725, -0.561189
317.572, 0.503482, 0.0106994, -0.0515007, 0.781058, 1.34877, -0.567708
320.92, 0.520014, 0.0995492, -0.0513812, 0.775767, 1.35033, -0.574566
324.267, 0.563912, 0.179957, -0.051265, 0.7704, 1.35189, -0.58149
327.614, 0.63497, 0.242403, -0.0511524, 0.764955, 1.35344, -0.588483
330.961, 0.727144, 0.27425, -0.0510434, 0.759433, 1.35498, -0.595545
334.309, 0.825088, 0.266495, -0.0509382, 0.75383, 1.35651, -0.602679
337.656, 0.910151, 0.221759, -0.0508368, 0.748145, 1.35803, -0.609887
341.003, 0.970776, 0.151755, -0.0507393, 0.742378, 1.35955, -0.617169
344.35, 1.00415, 0.0682866, -0.0506458, 0.736525, 1.36105, -0.624527
347.698, 1.01111, -0.0208104, -0.0505564, 0.730585, 1.36255, -0.631964
351.045, 0.992067, -0.110413, -0.050471, 0.724557, 1.36404, -0.63948
354.506, 0.943656, -0.197834, -0.050387, 0.71823, 1.36557, -0.647339
357.967, 0.864446, -0.27022, -0.0503075, 0.711804, 1.36709, -0.655286
360.817, 0.778497, -0.308024, -0.0502453, 0.706437, 1.36834, -0.6619
363.771, 0.678881, -0.317068, -0.050184, 0.700801, 1.36962, -0.668822
366.859, 0.578804, -0.291376, -0.0501235, 0.69483, 1.37096, -0.676131
369.946, 0.496648, -0.237167, -0.0500665, 0.688774, 1.37229, -0.683517
373.034, 0.438375, -0.165858, -0.050013, 0.682633, 1.37362, -0.690982
376.122, 0.404015, -0.0865795, -0.0499631, 0.676405, 1.37493, -0.698528
379.426, 0.391917, 0.000706665, -0.0499135, 0.669641, 1.37634, -0.706695
382.875, 0.405444, 0.08952, -0.049866, 0.662471, 1.37779, -0.71532
386.324, 0.446125, 0.170167, -0.0498227, 0.655186, 1.37924, -0.724053
389.772, 0.51385, 0.233427, -0.0497836, 0.647783, 1.38068, -0.732894
393.221, 0.603049, 0.26685, -0.0497487, 0.640261, 1.38211, -0.741848
396.67, 0.698978, 0.261059, -0.0497178, 0.632617, 1.38353, -0.750916
400.119, 0.78303, 0.217873, -0.0496909, 0.624848, 1.38495, -0.7601
403.567, 0.843096, 0.148531, -0.0496678, 0.616952, 1.38636, -0.769403
407.016, 0.875824, 0.0648592, -0.0496484, 0.608927, 1.38776, -0.778829
410.465, 0.881744, -0.0251399, -0.0496327, 0.600769, 1.38915, -0.788378
413.913, 0.861009, -0.1162, -0.0496205, 0.592477, 1.39053, -0.798054
417.362, 0.811974, -0.20272, -0.0496116, 0.584048, 1.39191, -0.80786
420.811, 0.732688, -0.275349, -0.0496058, 0.57548, 1.39328, -0.817798
423.692, 0.645216, -0.314863, -0.0496033, 0.568214, 1.39442, -0.826202
426.572, 0.546687, -0.325868, -0.0496028, 0.560847, 1.39555, -0.834702
429.642, 0.444366, -0.303132, -0.0496043, 0.552884, 1.39675, -0.843865
432.711, 0.358776, -0.251389, -0.0496078, 0.544804, 1.39795, -0.853141
435.781, 0.296504, -0.181827, -0.0496131, 0.536604, 1.39913, -0.862531
438.85, 0.257909, -0.103777, -0.04962, 0.528282, 1.40032, -0.872036
442.149, 0.240977, -0.0171063, -0.0496291, 0.519202, 1.40158, -0.882383
445.601, 0.249155, 0.0716925, -0.0496402, 0.509541, 1.4029, -0.893362
449.054, 0.284008, 0.153008, -0.0496526, 0.499719, 1.40421, -0.904495
452.507, 0.345587, 0.218319, -0.049666, 0.489733, 1.40552, -0.915786
455.96, 0.429342, 0.255734, -0.0496801, 0.47958, 1.40682, -0.927236
459.061, 0.512713, 0.257124, -0.0496932, 0.470315, 1.40797, -0.937659
462.163, 0.589942, 0.227366, -0.0497062, 0.460913, 1.40913, -0.948215
465.264, 0.650479, 0.173138, -0.0497191, 0.45137, 1.41028, -0.958906
468.631, 0.692051, 0.0969129, -0.0497325, 0.440852, 1.41152, -0.970664
471.997, 0.707905, 0.0112281, -0.0497449, 0.430165, 1.41275, -0.982584
475.363, 0.698427, -0.078199, -0.049756, 0.419306, 1.41398, -0.99467
478.867, 0.660586, -0.170247, -0.0497656, 0.407817, 1.41525, -1.00743
482.372, 0.591542, -0.253657, -0.0497729, 0.396138, 1.41651, -1.02037
485.248, 0.510931, -0.306429, -0.0497767, 0.386409, 1.41754, -1.03113
488.24, 0.409151, -0.335119, -0.0497783, 0.376149, 1.41861, -1.04246
491.231, 0.301873, -0.329389, -0.0497772, 0.365747, 1.41968, -1.05393
494.223, 0.204971, -0.291003, -0.0497729, 0.355201, 1.42074, -1.06553
497.215, 0.128833, -0.229742, -0.0497652, 0.34451, 1.42179, -1.07728
500.207, 0.0762175, -0.156206, -0.0497537, 0.333673, 1.42284, -1.08917
503.387, 0.0447146, -0.072835, -0.0497368, 0.321996, 1.42395, -1.10195
506.741, 0.0365921, 0.0152269, -0.0497134, 0.309497, 1.42512, -1.11562
510.226, 0.0545341, 0.101863, -0.0496823, 0.296311, 1.42632, -1.13001
513.712, 0.0995239, 0.176816, -0.0496437, 0.282924, 1.42752, -1.1446
517.198, 0.169725, 0.229801, -0.049597, 0.269335, 1.42871, -1.15938
520.683, 0.25634, 0.249108, -0.0495414, 0.255543, 1.4299, -1.17436
523.634, 0.3302, 0.234716, -0.0494869, 0.243711, 1.4309, -1.18719
526.584, 0.393423, 0.195166, -0.0494253, 0.231734, 1.43189, -1.20016
529.765, 0.442392, 0.132366, -0.0493503, 0.21866, 1.43296, -1.2143
533.135, 0.469933, 0.0522927, -0.0492605, 0.204626, 1.43409, -1.22946
536.505, 0.472566, -0.0347326, -0.0491596, 0.190404, 1.43521, -1.2448
540.023, 0.448617, -0.127823, -0.0490417, 0.175364, 1.43637, -1.26101
543.54, 0.395404, -0.217648, -0.0489103, 0.160123, 1.43753, -1.2774
547.058, 0.310248, -0.29462, -0.0487646, 0.144686, 1.43868, -1.29399
549.882, 0.219965, -0.33662, -0.048637, 0.132149, 1.4396, -1.30745
552.841, 0.112643, -0.35139, -0.0484926, 0.118884, 1.44056, -1.32168
555.799, 0.00664685, -0.332476, -0.0483369, 0.105485, 1.44151, -1.33603
558.758, -0.084322, -0.285551, -0.0481697, 0.0919539, 1.44247, -1.35051
561.716, -0.153626, -0.221134, -0.0479904, 0.0782941, 1.44341, -1.36512
564.875, -0.203255, -0.1433, -0.0477855, 0.063569, 1.44442, -1.38085
568.199, -0.230815, -0.058744, -0.0475543, 0.0479219, 1.44548, -1.39755
571.733, -0.234962, 0.0288681, -0.0472906, 0.0311217, 1.44659, -1.41547
575.396, -0.213124, 0.11212, -0.0469974, 0.0135366, 1.44774, -1.43421
579.058, -0.165435, 0.180508, -0.0466836, -0.00421833, 1.44889, -1.4531
582.721, -0.0957383, 0.223954, -0.0463488, -0.0221353, 1.45002, -1.47216
586.01, -0.0231165, 0.233868, -0.04603, -0.0383551, 1.45104, -1.4894
589.298, 0.046987, 0.214288, -0.045694, -0.0546927, 1.45205, -1.50675
592.587, 0.104204, 0.169905, -0.0453407, -0.0711413, 1.45306, -1.5242
595.876, 0.143025, 0.108505, -0.04497, -0.0876941, 1.45407, -1.54176
599.579, 0.163171, 0.0276037, -0.0445318, -0.106449, 1.45519, -1.56164
603.283, 0.158882, -0.0593915, -0.044072, -0.125315, 1.45631, -1.58162
607.205, 0.127669, -0.153162, -0.0435615, -0.145405, 1.45748, -1.60289
611.127, 0.0671097, -0.242862, -0.0430273, -0.165595, 1.45866, -1.62425
615.049, -0.0249928, -0.318504, -0.0424699, -0.18587, 1.45982, -1.64569
618.284, -0.122548, -0.359321, -0.0419933, -0.202647, 1.46078, -1.66342
621.63, -0.234499, -0.371182, -0.0414846, -0.220043, 1.46176, -1.6818
624.976, -0.342812, -0.349956, -0.0409607, -0.237472, 1.46274, -1.70021
628.323, -0.434766, -0.302715, -0.0404221, -0.254924, 1.46371, -1.71864
631.995, -0.510846, -0.233665, -0.039815, -0.274091, 1.46478, -1.73887
635.667, -0.561859, -0.157431, -0.0391919, -0.293261, 1.46584, -1.7591
639.647, -0.59269, -0.0742052, -0.0385, -0.314027, 1.46698, -1.78101
643.948, -0.601348, 0.0114249, -0.0377344, -0.336439, 1.46821, -1.80465
648.486, -0.585493, 0.0923246, -0.0369082, -0.36003, 1.46949, -1.82952
653.024, -0.546294, 0.157581, -0.0360658, -0.383541, 1.47077, -1.85431
657.563, -0.488349, 0.199631, -0.0352093, -0.406949, 1.47204, -1.87899
662.101, -0.420895, 0.212114, -0.0343413, -0.430231, 1.47331, -1.90354
666.812, -0.354025, 0.193018, -0.0334306, -0.454246, 1.47461, -1.92885
671.523, -0.301541, 0.14769, -0.032513, -0.47808, 1.4759, -1.95398
676.44, -0.267606, 0.0824802, -0.0315509, -0.502736, 1.47725, -1.97998
681.72, -0.255232, 0.0017496, -0.030516, -0.528941, 1.47868, -2.00762
687.218, -0.266967, -0.0871539, -0.0294406, -0.555896, 1.48016, -2.03605
693.025, -0.305325, -0.181359, -0.028311, -0.583976, 1.48171, -2.06568
699.201, -0.375912, -0.275783, -0.0271221, -0.613356, 1.48334, -2.0967
705.376, -0.477801, -0.354001, -0.0259503, -0.642214, 1.48497, -2.12718
710.683, -0.586338, -0.396865, -0.0249602, -0.666576, 1.48635, -2.15293
715.99, -0.703166, -0.408772, -0.0239884, -0.690518, 1.48772, -2.17824
721.622, -0.819998, -0.387857, -0.0229791, -0.715455, 1.48917, -2.20463
727.255, -0.917362, -0.342337, -0.021995, -0.739894, 1.49061, -2.2305
733.5, -0.998801, -0.277763, -0.0209355, -0.766392, 1.49219, -2.25858
740.038, -1.05783, -0.206119, -0.0198638, -0.79346, 1.49383, -2.28729
747.346, -1.09905, -0.12898, -0.0187134, -0.822882, 1.49565, -2.31853
755.638, -1.12197, -0.0497148, -0.017471, -0.855204, 1.49769, -2.3529
764.949, -1.12493, 0.0261042, -0.0161565, -0.890158, 1.49996, -2.39012
775.099, -1.10773, 0.0905274, -0.0148209, -0.926668, 1.5024, -2.42907
785.925, -1.07367, 0.136007, -0.0135063, -0.963813, 1.50497, -2.46879
797.623, -1.02871, 0.15759, -0.0122085, -1.00194, 1.50771, -2.50965
810.861, -0.98003, 0.151858, -0.0108855, -1.04267, 1.51076, -2.55343
825.754, -0.938634, 0.118849, -0.00956775, -1.08558, 1.51413, -2.59971
842.482, -0.912483, 0.0644769, -0.00828195, -1.13037, 1.51784, -2.64822
862.073, -0.904456, -0.00657064, -0.00700471, -1.17863, 1.5221, -2.70073
884.027, -0.914881, -0.0849802, -0.00582184, -1.22787, 1.52674, -2.75462
910.408, -0.943104, -0.171686, -0.00468336, -1.28112, 1.53217, -2.81329
943.894, -0.991056, -0.267878, -0.00358261, -1.3408, 1.53881, -2.87962
986.533, -1.05878, -0.369327, -0.00258353, -1.40636, 1.54691, -2.95328
1038.57, -1.13985, -0.466031, -0.00177131, -1.47412, 1.55628, -3.0304
1098.85, -1.22311, -0.548799, -0.00117669, -1.54013, 1.56648, -3.10661
1168.39, -1.30095, -0.616321, -0.000759617, 1.53714, -1.56414, 3.10128
1251.33, -1.36976, -0.671342, -0.000470277, 1.47179, -1.55204, 3.02383
1355.24, -1.42751, -0.717006, -0.000272836, 1.40112, -1.53822, 2.93935
1494.1, -1.47279, -0.75584, -0.000143148, 1.3178, -1.52177, 2.83957
1700.52, -1.50477, -0.789838, -6.34251e-05, 1.20334, -1.5008, 2.70415
1844.61, -1.51494, -0.804662, -3.92775e-05, 1.12348, -1.4882, 2.61168
