241, 0.0711255, -0.000201082, -0.165058, 1.56821, -1.56946, 3.13768, -0.0105986
241.001, 0.0711256, -0.000176838, -0.165056, 1.56821, -1.56946, 3.13768, -0.0105986
241.006, 0.0711258, -6.7744e-05, -0.165044, 1.56821, -1.56946, 3.13767, -0.0105989
241.026, 0.0711248, 0.000423116, -0.164991, 1.5682, -1.56945, 3.13766, -0.0105999
241.117, 0.0710801, 0.00263021, -0.164752, 1.56817, -1.56942, 3.13758, -0.0106043
241.527, 0.0700754, 0.0124817, -0.163684, 1.568, -1.56924, 3.13724, -0.0106246
242.749, 0.0597156, 0.0397023, -0.160544, 1.56749, -1.56874, 3.13623, -0.0106848
243.97, 0.0400445, 0.0607948, -0.157468, 1.56699, -1.56823, 3.13522, -0.010745
245.257, 0.0127728, 0.0732954, -0.154297, 1.56646, -1.56771, 3.13416, -0.0108085
246.634, -0.0187569, 0.0739994, -0.150978, 1.56589, -1.56715, 3.13304, -0.0108764
248.012, -0.0472227, 0.0622921, -0.147735, 1.56532, -1.56659, 3.13191, -0.0109443
249.389, -0.068204, 0.041011, -0.144566, 1.56475, -1.56604, 3.13079, -0.0110121
250.766, -0.079102, 0.0141812, -0.14147, 1.56418, -1.56549, 3.12968, -0.01108
252.244, -0.0787259, -0.0158926, -0.138228, 1.56357, -1.56491, 3.12848, -0.0111528
253.721, -0.0668374, -0.0425731, -0.135065, 1.56296, -1.56433, 3.12729, -0.0112256
255.199, -0.0459875, -0.0619491, -0.131979, 1.56235, -1.56376, 3.12611, -0.0112983
256.744, -0.0186244, -0.0716529, -0.128833, 1.56172, -1.56316, 3.12488, -0.0113743
258.362, 0.0109239, -0.0693061, -0.125626, 1.56105, -1.56254, 3.12359, -0.0114539
259.979, 0.0363404, -0.0554903, -0.122504, 1.56038, -1.56193, 3.12231, -0.0115335
261.597, 0.0538742, -0.0333032, -0.119465, 1.55971, -1.56132, 3.12103, -0.011613
263.319, 0.061683, -0.00487692, -0.116318, 1.559, -1.56067, 3.11968, -0.0116976
265.041, 0.0579465, 0.0238548, -0.11326, 1.55829, -1.56004, 3.11833, -0.0117821
266.764, 0.0439305, 0.0487226, -0.110289, 1.55758, -1.5594, 3.11698, -0.0118666
268.571, 0.0209238, 0.0671536, -0.10726, 1.55684, -1.55874, 3.11558, -0.0119552
270.478, -0.00831189, 0.0756833, -0.104162, 1.55605, -1.55805, 3.1141, -0.0120486
272.385, -0.037777, 0.0725127, -0.10116, 1.55526, -1.55737, 3.11263, -0.0121418
274.292, -0.0630939, 0.0591231, -0.0982505, 1.55447, -1.55669, 3.11117, -0.012235
276.305, -0.0819449, 0.0370573, -0.0952772, 1.55364, -1.55599, 3.10963, -0.0123333
278.473, -0.0912475, 0.0086911, -0.0921832, 1.55275, -1.55523, 3.10798, -0.012439
280.64, -0.0890373, -0.0197477, -0.0891973, 1.55185, -1.55448, 3.10633, -0.0125446
282.808, -0.0767885, -0.0441942, -0.0863155, 1.55096, -1.55374, 3.1047, -0.0126499
285.11, -0.0557115, -0.0624481, -0.0833651, 1.55, -1.55296, 3.10297, -0.0127617
287.558, -0.0285249, -0.0709797, -0.0803474, 1.54899, -1.55214, 3.10113, -0.0128803
290.114, -7.22097e-05, -0.0676654, -0.0773209, 1.54793, -1.55129, 3.09923, -0.0130039
292.671, 0.0238055, -0.0537228, -0.0744173, 1.54687, -1.55046, 3.09733, -0.0131272
295.227, 0.040021, -0.0323989, -0.0716315, 1.54582, -1.54963, 3.09544, -0.0132503
298.089, 0.0474524, -0.00427107, -0.0686458, 1.54463, -1.54871, 3.09334, -0.0133877
301.063, 0.0433767, 0.0248532, -0.0656862, 1.54339, -1.54777, 3.09116, -0.0135301
304.037, 0.0291039, 0.0497158, -0.0628644, 1.54216, -1.54684, 3.089, -0.013672
307.181, 0.00614135, 0.0681718, -0.060023, 1.54085, -1.54587, 3.08672, -0.0138216
310.564, -0.0230589, 0.0771734, -0.0571211, 1.53944, -1.54483, 3.08427, -0.0139819
314.096, -0.0533756, 0.074701, -0.0542534, 1.53797, -1.54377, 3.08174, -0.0141485
317.627, -0.0792227, 0.0622162, -0.0515415, 1.53649, -1.54272, 3.07921, -0.0143144
321.428, -0.0990535, 0.0412839, -0.0487866, 1.5349, -1.54161, 3.07651, -0.0144921
325.621, -0.110021, 0.0140637, -0.0459327, 1.53314, -1.5404, 3.07354, -0.0146869
330.016, -0.109937, -0.0141453, -0.0431348, 1.5313, -1.53915, 3.07045, -0.0148899
334.411, -0.10023, -0.0381513, -0.0405218, 1.52945, -1.53792, 3.06737, -0.0150914
339.23, -0.08207, -0.0568509, -0.0378541, 1.52741, -1.5366, 3.06401, -0.0153106
344.517, -0.0577965, -0.0668631, -0.0351462, 1.52517, -1.53517, 3.06034, -0.015549
350.284, -0.0314234, -0.0659774, -0.0324317, 1.52272, -1.53364, 3.05636, -0.0158063
356.051, -0.00926614, -0.0553821, -0.0299451, 1.52025, -1.53215, 3.0524, -0.0160607
362.447, 0.0077739, -0.0363675, -0.0274296, 1.51751, -1.53052, 3.04803, -0.0163391
369.602, 0.0167717, -0.0110338, -0.0248869, 1.51442, -1.52874, 3.04316, -0.0166458
377.59, 0.015729, 0.0172117, -0.0223502, 1.51096, -1.52679, 3.03775, -0.016982
386.122, 0.00492071, 0.0434056, -0.0199514, 1.50722, -1.52477, 3.032, -0.0173332
395.597, -0.0143651, 0.0653575, -0.0176154, 1.50304, -1.52259, 3.02563, -0.0177134
406.482, -0.0406372, 0.0809127, -0.0152981, 1.49819, -1.52016, 3.01834, -0.0181366
419.263, -0.0713982, 0.0880895, -0.0129986, 1.49241, -1.51739, 3.0098, -0.0186138
433.361, -0.100954, 0.0864857, -0.0108983, 1.48593, -1.51446, 3.00039, -0.0191139
449.73, -0.127633, 0.0779805, -0.00892145, 1.47826, -1.51119, 2.98945, -0.0196577
469.687, -0.150126, 0.0645173, -0.00703546, 1.46866, -1.50739, 2.97605, -0.0202636
495.118, -0.167421, 0.0486112, -0.00525239, 1.45599, -1.50281, 2.95879, -0.0209384
525.71, -0.178445, 0.034696, -0.0037527, 1.43999, -1.49765, 2.93764, -0.0215955
564.695, -0.185201, 0.0247977, -0.00250546, 1.41818, -1.49159, 2.90976, -0.0221716
616.961, -0.189414, 0.0206315, -0.00152209, 1.38584, -1.48422, 2.87006, -0.0224612
693.088, -0.192629, 0.0236665, -0.000805817, 1.33025, -1.47481, 2.80507, -0.0218821
862.622, -0.196842, 0.0421355, -0.000288957, 1.14324, -1.45837, 2.60161, -0.0170193
1008.33, -0.199023, 0.0631643, -0.00017881, 0.833504, -1.44817, 2.28167, -0.0113483
1103.63, -0.199279, 0.0780292, -0.000141924, 0.486779, -1.44314, 1.92992, -0.00888096
1238.89, -0.197529, 0.088108, -7.3745e-05, -0.153941, -1.43798, 1.28404, -0.0100791
1374.15, -0.196361, 0.0859194, -2.82016e-05, -0.631725, -1.43494, 0.803217, -0.0196099
1526.55, -0.19575, 0.0832281, -1.26583e-05, -0.909615, -1.43384, 0.524228, -0.0411666
1722.84, -0.195365, 0.0824079, 3.80673e-07, -1.0818, -1.43573, 0.353923, -0.0795841
1919.13, -0.195589, 0.0825042, 4.09686e-07, -1.16957, -1.44091, 0.271348, -0.116784
2262.68, -0.19605, 0.0825863, 1.86263e-07, -1.24032, -1.45645, 0.216137, -0.144904
2283.38, -0.196077, 0.0825897, 1.83829e-07, -1.24253, -1.4576, 0.21507, -0.144607
