41, 0.0105329, -8.75505e-07, -3.74626, -1.51359, -0.0760889, -1.4375, -0.00296504
41.001, 0.0105342, -0.00035007, -3.74574, -1.51359, -0.0760159, -1.43757, -0.0029651
41.0055, 0.0105723, -0.00192034, -3.74341, -1.51359, -0.0756875, -1.4379, -0.00296535
41.0257, 0.0113911, -0.00892323, -3.7329, -1.51358, -0.0742097, -1.43937, -0.00296646
41.0843, 0.0193914, -0.0274015, -3.7027, -1.51357, -0.0699385, -1.44363, -0.00296969
41.1428, 0.0343084, -0.0407407, -3.67275, -1.51356, -0.0656647, -1.4479, -0.00297292
41.2035, 0.0540788, -0.0466594, -3.64188, -1.51355, -0.0612229, -1.45233, -0.00297627
41.2667, 0.075054, -0.0432342, -3.61007, -1.51354, -0.0566053, -1.45694, -0.00297975
41.3298, 0.0921941, -0.0310277, -3.57853, -1.51353, -0.0519854, -1.46155, -0.00298323
41.3929, 0.102184, -0.0127592, -3.54726, -1.51352, -0.0473632, -1.46616, -0.00298671
41.4586, 0.103153, 0.00863309, -3.51503, -1.51351, -0.0425567, -1.47096, -0.00299032
41.5242, 0.0946024, 0.0280676, -3.48309, -1.5135, -0.0377483, -1.47575, -0.00299394
41.5898, 0.0784762, 0.0416363, -3.45142, -1.51349, -0.0329381, -1.48055, -0.00299756
41.6555, 0.0581868, 0.0467134, -3.42004, -1.51348, -0.0281265, -1.48536, -0.00300117
41.7211, 0.0378946, 0.0424791, -3.38893, -1.51347, -0.0233136, -1.49016, -0.00300479
41.7867, 0.0215839, 0.0300306, -3.3581, -1.51346, -0.0184996, -1.49496, -0.0030084
41.8524, 0.0122399, 0.0120055, -3.32753, -1.51345, -0.0136849, -1.49977, -0.00301201
41.9218, 0.0115926, -0.00922756, -3.2955, -1.51344, -0.00859167, -1.50485, -0.00301584
41.9912, 0.0202834, -0.0284118, -3.26376, -1.51343, -0.00349805, -1.50993, -0.00301966
42.0606, 0.0363645, -0.0417629, -3.23232, -1.51342, 0.00159571, -1.51502, -0.00302348
42.13, 0.0564885, -0.0467577, -3.20117, -1.51341, 0.00668937, -1.5201, -0.0030273
42.1995, 0.0766076, -0.0426228, -3.17031, -1.5134, 0.0117827, -1.52518, -0.00303112
42.2689, 0.0928568, -0.0304278, -3.13974, -1.51339, 0.0168753, -1.53027, -0.00303494
42.3383, 0.102336, -0.0127192, -3.10945, -1.51338, 0.0219671, -1.53535, -0.00303876
42.4135, 0.103273, 0.00874307, -3.07698, -1.51337, 0.0274794, -1.54085, -0.00304289
42.4886, 0.0946514, 0.0281891, -3.04482, -1.51336, 0.03299, -1.54635, -0.00304703
42.5638, 0.0784711, 0.0417094, -3.013, -1.51335, 0.0384986, -1.55185, -0.00305116
42.639, 0.0581825, 0.0467142, -2.98149, -1.51334, 0.0440049, -1.55734, -0.0030553
42.7141, 0.0379468, 0.0424355, -2.9503, -1.51333, 0.0495085, -1.56284, -0.00305943
42.7893, 0.0217115, 0.0300095, -2.91943, -1.51332, 0.0550091, -1.56833, -0.00306356
42.8645, 0.0124041, 0.0120781, -2.88886, -1.51331, 0.0605063, -1.57382, -0.00306769
42.9444, 0.0117191, -0.0091359, -2.8567, -1.5133, 0.0663495, -1.57965, -0.00307209
43.0244, 0.0203411, -0.028297, -2.82487, -1.51329, 0.0721881, -1.58548, -0.00307648
43.1043, 0.0363077, -0.0416601, -2.79339, -1.51328, 0.0780217, -1.5913, -0.00308087
43.1843, 0.0562939, -0.0467493, -2.76225, -1.51327, 0.0838501, -1.59712, -0.00308527
43.2642, 0.0763116, -0.0428186, -2.73144, -1.51326, 0.0896728, -1.60293, -0.00308966
43.3442, 0.0925724, -0.0309213, -2.70096, -1.51325, 0.0954895, -1.60874, -0.00309405
43.4241, 0.10224, -0.013539, -2.67081, -1.51324, 0.1013, -1.61454, -0.00309844
43.5114, 0.103581, 0.00782889, -2.63826, -1.51323, 0.107635, -1.62086, -0.00310323
43.5987, 0.0954141, 0.0273504, -2.60609, -1.51321, 0.113962, -1.62718, -0.00310803
43.686, 0.0796721, 0.0411573, -2.5743, -1.5132, 0.12028, -1.63348, -0.00311282
43.7733, 0.059703, 0.0466709, -2.54289, -1.51319, 0.126589, -1.63978, -0.00311761
43.8639, 0.0388275, 0.042765, -2.51066, -1.51318, 0.133128, -1.64631, -0.00312258
43.9546, 0.0220449, 0.0302293, -2.47882, -1.51317, 0.139657, -1.65283, -0.00312756
44.0452, 0.0125074, 0.0119096, -2.44737, -1.51316, 0.146174, -1.65934, -0.00313253
44.1394, 0.0118867, -0.00923424, -2.41511, -1.51315, 0.152929, -1.66608, -0.0031377
44.2335, 0.0204792, -0.0282838, -2.38326, -1.51314, 0.159671, -1.67281, -0.00314286
44.3277, 0.0362997, -0.0415796, -2.35181, -1.51313, 0.166399, -1.67953, -0.00314802
44.4218, 0.0560664, -0.0467371, -2.32076, -1.51312, 0.173111, -1.68623, -0.00315318
44.5199, 0.0766768, -0.0427213, -2.28882, -1.51311, 0.18009, -1.6932, -0.00315856
44.6181, 0.0932352, -0.0303247, -2.2573, -1.5131, 0.187052, -1.70015, -0.00316394
44.7162, 0.102739, -0.0123127, -2.2262, -1.51309, 0.193996, -1.70708, -0.00316932
44.8211, 0.103497, 0.00908826, -2.19341, -1.51308, 0.201397, -1.71447, -0.00317507
44.926, 0.0948271, 0.0283401, -2.16109, -1.51307, 0.208776, -1.72184, -0.00318082
45.0309, 0.0788165, 0.0416802, -2.12922, -1.51306, 0.216132, -1.72919, -0.00318656
45.1357, 0.0588748, 0.0467034, -2.09781, -1.51305, 0.223465, -1.73651, -0.00319231
45.2449, 0.0382309, 0.0424275, -2.06557, -1.51303, 0.231074, -1.74411, -0.00319829
45.3542, 0.0218075, 0.0297659, -2.03381, -1.51302, 0.238656, -1.75168, -0.00320427
45.4634, 0.0125728, 0.0115846, -2.00252, -1.51301, 0.246211, -1.75922, -0.00321025
45.5787, 0.0121056, -0.0095714, -1.96998, -1.513, 0.254156, -1.76716, -0.00321656
45.6939, 0.0208036, -0.0285122, -1.93796, -1.51299, 0.262068, -1.77506, -0.00322287
45.8092, 0.0365982, -0.0416552, -1.90643, -1.51298, 0.269947, -1.78293, -0.00322918
45.9245, 0.0561999, -0.0467354, -1.8754, -1.51297, 0.277793, -1.79076, -0.00323549
46.0456, 0.0767202, -0.0427667, -1.84333, -1.51296, 0.285994, -1.79895, -0.00324211
46.1667, 0.0931991, -0.0305385, -1.81179, -1.51295, 0.294156, -1.80711, -0.00324873
46.2877, 0.102748, -0.0128099, -1.78076, -1.51294, 0.302279, -1.81522, -0.00325535
46.4186, 0.103755, 0.00850579, -1.74779, -1.51293, 0.311016, -1.82394, -0.00326251
46.5495, 0.0954247, 0.0277386, -1.7154, -1.51292, 0.319704, -1.83262, -0.00326967
46.6805, 0.0798405, 0.0412234, -1.68359, -1.51291, 0.328344, -1.84125, -0.00327682
46.8114, 0.0603221, 0.0466532, -1.65235, -1.5129, 0.336933, -1.84983, -0.00328398
46.95, 0.0396052, 0.0429719, -1.61985, -1.51289, 0.345977, -1.85886, -0.00329155
47.0887, 0.0229106, 0.0308865, -1.58797, -1.51288, 0.354962, -1.86784, -0.00329913
47.2274, 0.0131688, 0.0132147, -1.55669, -1.51287, 0.363889, -1.87676, -0.00330671
47.3748, 0.0119068, -0.00772802, -1.5241, -1.51286, 0.373311, -1.88617, -0.00331475
47.5221, 0.0196753, -0.0267688, -1.49216, -1.51285, 0.382664, -1.89551, -0.0033228
47.6695, 0.0345165, -0.0404375, -1.46086, -1.51284, 0.391948, -1.90479, -0.00333085
47.8169, 0.0533461, -0.0465316, -1.43019, -1.51283, 0.401162, -1.91399, -0.00333889
47.9763, 0.0741021, -0.0438836, -1.39771, -1.51282, 0.411048, -1.92387, -0.00334759
48.1357, 0.0912636, -0.0327953, -1.36594, -1.51281, 0.42085, -1.93366, -0.00335629
48.2951, 0.101885, -0.015923, -1.33486, -1.5128, 0.430568, -1.94337, -0.00336498
48.4675, 0.104416, 0.00493294, -1.30201, -1.51279, 0.440983, -1.95377, -0.00337439
48.6399, 0.0978395, 0.0243528, -1.26994, -1.51278, 0.451299, -1.96408, -0.00338379
48.8123, 0.0839839, 0.0388217, -1.23862, -1.51277, 0.461513, -1.97428, -0.00339319
48.9847, 0.065799, 0.0460666, -1.20804, -1.51276, 0.471626, -1.98439, -0.00340259
49.1766, 0.0446309, 0.0447459, -1.17484, -1.51275, 0.482765, -1.99552, -0.00341305
49.3686, 0.0266887, 0.0345896, -1.14252, -1.51274, 0.493778, -2.00652, -0.00342351
49.5605, 0.0151064, 0.0182522, -1.11105, -1.51273, 0.504663, -2.0174, -0.00343397
49.7631, 0.0114394, -0.00191821, -1.07875, -1.51273, 0.516009, -2.02874, -0.003445
49.9656, 0.0164727, -0.0211918, -1.04735, -1.51272, 0.527213, -2.03993, -0.00345603
50.1681, 0.0286368, -0.0362757, -1.01682, -1.51271, 0.538275, -2.05099, -0.00346706
50.383, 0.0464648, -0.0452812, -0.985362, -1.5127, 0.549858, -2.06256, -0.00347876
50.616, 0.0674116, -0.0458157, -0.952315, -1.5127, 0.562233, -2.07493, -0.00349144
50.849, 0.0859013, -0.0375636, -0.920331, -1.51269, 0.57442, -2.08711, -0.00350412
51.082, 0.0988133, -0.0228924, -0.88938, -1.51268, 0.586421, -2.0991, -0.00351679
51.334, 0.10467, -0.00339623, -0.857022, -1.51268, 0.599194, -2.11187, -0.0035305
51.5961, 0.101691, 0.0167576, -0.824576, -1.51267, 0.612247, -2.12492, -0.00354476
51.8581, 0.0909674, 0.0332033, -0.793312, -1.51266, 0.625067, -2.13773, -0.003559
52.1307, 0.0744022, 0.0437971, -0.762003, -1.51266, 0.63816, -2.15082, -0.00357382
52.4263, 0.0541297, 0.0465547, -0.729388, -1.51266, 0.652082, -2.16474, -0.00358989
52.722, 0.0354021, 0.0408026, -0.698119, -1.51265, 0.665719, -2.17837, -0.00360595
53.0298, 0.0207572, 0.0279583, -0.666935, -1.51265, 0.679619, -2.19227, -0.00362268
53.3566, 0.0125753, 0.0100445, -0.6353, -1.51265, 0.694047, -2.20669, -0.00364043
53.714, 0.0126537, -0.0103946, -0.602367, -1.51265, 0.709442, -2.22209, -0.00365983
54.0713, 0.0207974, -0.0280121, -0.571088, -1.51265, 0.724448, -2.2371, -0.00367923
54.445, 0.0352568, -0.0407218, -0.540062, -1.51265, 0.739732, -2.25238, -0.00369951
54.8516, 0.0541559, -0.0465586, -0.508162, -1.51265, 0.7559, -2.26855, -0.00372157
55.2865, 0.0738563, -0.0439992, -0.476073, -1.51266, 0.772671, -2.28533, -0.00374516
55.7213, 0.0897705, -0.0343525, -0.445964, -1.51266, 0.788921, -2.30159, -0.00376875
56.2029, 0.100896, -0.0187043, -0.414791, -1.51267, 0.806329, -2.319, -0.00379486
56.7436, 0.104788, 0.000842074, -0.382335, -1.51269, 0.825163, -2.33785, -0.00382417
57.3054, 0.100567, 0.0194453, -0.351263, -1.5127, 0.843966, -2.35667, -0.00385462
57.9, 0.0896806, 0.034452, -0.321102, -1.51272, 0.863055, -2.37578, -0.00388684
58.5589, 0.0736417, 0.0441156, -0.290687, -1.51275, 0.883279, -2.39603, -0.00392254
59.3217, 0.0543214, 0.0466554, -0.259074, -1.51278, 0.905537, -2.41832, -0.00396385
60.132, 0.0366289, 0.0416214, -0.229303, -1.51282, 0.927904, -2.44072, -0.00400773
61.0252, 0.0226255, 0.0306054, -0.200537, -1.51287, 0.95114, -2.46401, -0.00405608
62.0593, 0.0137492, 0.0151535, -0.171892, -1.51293, 0.976324, -2.48926, -0.00411206
63.2822, 0.0112904, -0.00246791, -0.143568, -1.51302, 1.00393, -2.51695, -0.00417825
64.6582, 0.0150867, -0.0185778, -0.117738, -1.51312, 1.03245, -2.54557, -0.00425272
66.2921, 0.0238192, -0.0318324, -0.0938174, -1.51326, 1.06322, -2.57648, -0.00434116
68.3417, 0.0362315, -0.041179, -0.0718815, -1.51346, 1.09768, -2.61114, -0.00445211
71.0118, 0.0507085, -0.0457642, -0.0531217, -1.51375, 1.13679, -2.65054, -0.00459673
74.3747, 0.0648994, -0.0454685, -0.0400651, -1.51416, 1.17852, -2.69268, -0.00477904
79.1011, 0.0795924, -0.0399804, -0.0336802, -1.51481, 1.22629, -2.7411, -0.0050357
85.4723, 0.0943703, -0.0258018, -0.0374823, -1.51582, 1.27629, -2.79211, -0.00538275
88.4893, 0.0993582, -0.0156268, -0.0424411, -1.51634, 1.29573, -2.81207, -0.00554759
92.6983, 0.101889, 0.00296177, -0.0517074, -1.51711, 1.31939, -2.8365, -0.00577818
96.2382, 0.0969702, 0.0215503, -0.0610498, -1.51778, 1.33674, -2.85452, -0.0059727
99.2786, 0.0852049, 0.0370277, -0.0698317, -1.51838, 1.3501, -2.86848, -0.00614022
102.169, 0.0668117, 0.0474697, -0.0785785, -1.51897, 1.36167, -2.88064, -0.00629988
105.06, 0.0431339, 0.0491692, -0.0875079, -1.51958, 1.37229, -2.89186, -0.00645994
107.279, 0.0244517, 0.0421075, -0.0943747, -1.52005, 1.37986, -2.89991, -0.00658308
109.663, 0.00831061, 0.0258418, -0.101676, -1.52057, 1.3875, -2.90807, -0.00671565
112.047, 0.00104973, 0.00264626, -0.108825, -1.5211, 1.39468, -2.91577, -0.00684851
113.885, 0.00399784, -0.0168584, -0.11419, -1.52151, 1.39992, -2.92143, -0.00695114
115.847, 0.0161042, -0.035087, -0.119742, -1.52195, 1.40526, -2.92721, -0.00706081
117.808, 0.03601, -0.0461695, -0.125092, -1.5224, 1.41034, -2.93274, -0.00717067
119.549, 0.0570459, -0.046924, -0.129654, -1.5228, 1.41467, -2.93747, -0.00726837
121.29, 0.0768957, -0.0379249, -0.134025, -1.52321, 1.41883, -2.94204, -0.00736623
123.032, 0.0909296, -0.0202575, -0.138196, -1.52362, 1.42282, -2.94645, -0.00746424
124.773, 0.0952928, 0.00270062, -0.142158, -1.52404, 1.42667, -2.95071, -0.00756239
126.254, 0.0898625, 0.022561, -0.145357, -1.52439, 1.42984, -2.95423, -0.00764596
127.734, 0.0763232, 0.0388713, -0.148398, -1.52475, 1.4329, -2.95765, -0.00772964
129.215, 0.0566764, 0.0482135, -0.151278, -1.52511, 1.43588, -2.96098, -0.00781342
130.696, 0.0344677, 0.0482424, -0.153996, -1.52547, 1.43877, -2.96423, -0.00789731
132.176, 0.0141741, 0.0384574, -0.156551, -1.52583, 1.44157, -2.9674, -0.0079813
133.657, 0.000176869, 0.0205466, -0.158944, -1.5262, 1.4443, -2.97049, -0.00806539
135.138, -0.00430367, -0.0018776, -0.161175, -1.52656, 1.44695, -2.97351, -0.00814959
136.618, 0.0020144, -0.0239907, -0.163246, -1.52693, 1.44952, -2.97646, -0.00823388
138.099, 0.0180452, -0.0407066, -0.165158, -1.52731, 1.45203, -2.97934, -0.00831828
139.58, 0.0402929, -0.0478291, -0.166913, -1.52768, 1.45448, -2.98216, -0.00840277
140.87, 0.0606165, -0.0445188, -0.168317, -1.52801, 1.45655, -2.98456, -0.00847648
142.16, 0.0777276, -0.032727, -0.169605, -1.52833, 1.45859, -2.98692, -0.00855025
143.45, 0.0882565, -0.0145617, -0.17078, -1.52866, 1.46057, -2.98924, -0.0086241
144.798, 0.0899023, 0.00756494, -0.171889, -1.52901, 1.4626, -2.99161, -0.00870134
146.146, 0.0814322, 0.028401, -0.172879, -1.52936, 1.46459, -2.99394, -0.00877865
147.494, 0.0643543, 0.0434842, -0.173754, -1.5297, 1.46653, -2.99623, -0.00885603
148.842, 0.0421231, 0.0494033, -0.174515, -1.53005, 1.46843, -2.99848, -0.00893349
150.19, 0.0195034, 0.0446966, -0.175166, -1.5304, 1.47029, -3.0007, -0.00901103
151.538, 0.00144759, 0.0303279, -0.17571, -1.53076, 1.47211, -3.00287, -0.00908864
152.886, -0.00812315, 0.00945448, -0.176149, -1.53111, 1.4739, -3.00501, -0.00916632
154.233, -0.00717235, -0.0133579, -0.176488, -1.53146, 1.47564, -3.00711, -0.00924407
155.581, 0.00407874, -0.033111, -0.176729, -1.53182, 1.47736, -3.00918, -0.00932189
156.929, 0.023153, -0.045381, -0.176876, -1.53218, 1.47904, -3.01121, -0.00939978
158.277, 0.0457341, -0.0473327, -0.176931, -1.53254, 1.48068, -3.01322, -0.00947774
159.625, 0.0666233, -0.0385012, -0.176897, -1.53289, 1.4823, -3.01519, -0.00955576
160.973, 0.0810451, -0.0209342, -0.176779, -1.53325, 1.48388, -3.01714, -0.00963385
162.321, 0.0857775, 0.00139602, -0.176578, -1.53362, 1.48544, -3.01906, -0.009712
163.669, 0.0797634, 0.0235628, -0.176299, -1.53398, 1.48697, -3.02094, -0.00979021
165.017, 0.0642532, 0.0407031, -0.175944, -1.53434, 1.48847, -3.02281, -0.00986848
166.365, 0.0425871, 0.0490161, -0.175517, -1.53471, 1.48994, -3.02464, -0.00994681
167.713, 0.0195252, 0.0466689, -0.17502, -1.53507, 1.49138, -3.02646, -0.0100252
169.061, 0.000112185, 0.034285, -0.174456, -1.53544, 1.49281, -3.02824, -0.0101037
170.409, -0.0115601, 0.0147216, -0.173829, -1.53581, 1.4942, -3.03001, -0.0101822
171.757, -0.0132075, -0.00772619, -0.173141, -1.53617, 1.49558, -3.03175, -0.0102607
173.104, -0.00468478, -0.0282933, -0.172395, -1.53654, 1.49693, -3.03347, -0.0103393
174.452, 0.0120615, -0.0426666, -0.171593, -1.53691, 1.49825, -3.03517, -0.010418
175.8, 0.0333613, -0.0478499, -0.170739, -1.53728, 1.49956, -3.03685, -0.0104967
177.148, 0.0545915, -0.0428514, -0.169836, -1.53766, 1.50085, -3.0385, -0.0105755
178.496, 0.0712562, -0.0288956, -0.168884, -1.53803, 1.50211, -3.04014, -0.0106543
179.844, 0.0799935, -0.00902336, -0.167889, -1.5384, 1.50336, -3.04176, -0.0107331
181.192, 0.0791677, 0.0126888, -0.16685, -1.53878, 1.50458, -3.04336, -0.010812
182.54, 0.0690334, 0.0319608, -0.165772, -1.53915, 1.50579, -3.04494, -0.0108909
183.888, 0.0516137, 0.0450686, -0.164656, -1.53953, 1.50698, -3.04651, -0.0109699
185.236, 0.0303244, 0.0495369, -0.163505, -1.53991, 1.50815, -3.04806, -0.0110489
186.584, 0.00928648, 0.0446506, -0.16232, -1.54028, 1.50931, -3.04959, -0.011128
187.932, -0.00756975, 0.0315657, -0.161105, -1.54066, 1.51044, -3.05111, -0.0112071
189.28, -0.0173052, 0.012942, -0.15986, -1.54104, 1.51156, -3.05261, -0.0112862
190.715, -0.0181984, -0.00902252, -0.158505, -1.54145, 1.51274, -3.05419, -0.0113705
192.15, -0.00949342, -0.0288276, -0.157121, -1.54185, 1.5139, -3.05575, -0.0114548
193.585, 0.00681272, -0.0425936, -0.155711, -1.54226, 1.51504, -3.0573, -0.0115392
195.02, 0.0272796, -0.0477216, -0.154277, -1.54267, 1.51616, -3.05883, -0.0116235
196.456, 0.0477347, -0.0434106, -0.152821, -1.54307, 1.51727, -3.06035, -0.011708
197.891, 0.0641891, -0.0307629, -0.151345, -1.54348, 1.51837, -3.06185, -0.0117924
199.326, 0.0736503, -0.0124061, -0.149851, -1.54389, 1.51944, -3.06334, -0.0118769
200.865, 0.0743085, 0.00964328, -0.148231, -1.54433, 1.52058, -3.06491, -0.0119675
202.404, 0.0652689, 0.0297358, -0.146594, -1.54477, 1.5217, -3.06648, -0.0120581
203.943, 0.0484915, 0.0439486, -0.144943, -1.54522, 1.52281, -3.06803, -0.0121487
205.482, 0.027379, 0.0496454, -0.143279, -1.54566, 1.5239, -3.06956, -0.0122394
207.021, 0.00606161, 0.0459764, -0.141604, -1.5461, 1.52497, -3.07108, -0.01233
208.559, -0.0115087, 0.0339728, -0.139921, -1.54655, 1.52603, -3.07258, -0.0124207
210.098, -0.0223561, 0.0161654, -0.13823, -1.54699, 1.52708, -3.07407, -0.0125114
211.74, -0.0247885, -0.00543045, -0.13642, -1.54747, 1.52818, -3.07564, -0.0126082
213.383, -0.0177986, -0.0254988, -0.134606, -1.54795, 1.52926, -3.07721, -0.012705
215.025, -0.00312342, -0.0402811, -0.132788, -1.54843, 1.53033, -3.07875, -0.0128018
216.667, 0.0161544, -0.0471794, -0.13097, -1.5489, 1.53138, -3.08028, -0.0128987
218.402, 0.0373201, -0.0448291, -0.129049, -1.54941, 1.53248, -3.08189, -0.0130009
220.137, 0.0550326, -0.0334781, -0.127131, -1.54992, 1.53356, -3.08348, -0.0131032
221.872, 0.0659699, -0.0157301, -0.125217, -1.55043, 1.53462, -3.08505, -0.0132055
223.683, 0.0682654, 0.00574864, -0.123226, -1.55096, 1.53572, -3.08668, -0.0133122
225.493, 0.0611646, 0.0260444, -0.121242, -1.5515, 1.5368, -3.08829, -0.0134189
227.303, 0.0462895, 0.0414172, -0.119268, -1.55203, 1.53786, -3.08989, -0.0135255
229.114, 0.0265788, 0.04925, -0.117304, -1.55257, 1.53891, -3.09148, -0.0136322
231.08, 0.00394997, 0.047999, -0.115186, -1.55315, 1.54003, -3.09318, -0.0137479
233.046, -0.0155156, 0.0374011, -0.113083, -1.55373, 1.54114, -3.09487, -0.0138636
235.011, -0.0283217, 0.0200651, -0.110997, -1.55432, 1.54223, -3.09655, -0.0139792
236.977, -0.0325955, -0.000394005, -0.10893, -1.5549, 1.54331, -3.09821, -0.0140948
239.018, -0.027833, -0.0208611, -0.106805, -1.55551, 1.5444, -3.09992, -0.0142147
241.058, -0.0151798, -0.036867, -0.104702, -1.55613, 1.54549, -3.10161, -0.0143346
243.098, 0.00259621, -0.0457666, -0.102623, -1.55674, 1.54655, -3.10329, -0.0144543
245.334, 0.0238457, -0.045999, -0.100374, -1.55741, 1.54771, -3.10512, -0.0145854
247.569, 0.0425809, -0.0368701, -0.0981542, -1.55809, 1.54884, -3.10693, -0.0147165
249.805, 0.0552846, -0.0207392, -0.0959665, -1.55876, 1.54996, -3.10872, -0.0148473
252.118, 0.0599841, -0.000267978, -0.0937363, -1.55946, 1.5511, -3.11056, -0.0149827
254.432, 0.0557194, 0.0201086, -0.0915416, -1.56017, 1.55222, -3.11238, -0.0151178
256.745, 0.043685, 0.0368655, -0.0893831, -1.56087, 1.55332, -3.11419, -0.0152529
259.166, 0.0253658, 0.0477362, -0.0871642, -1.56161, 1.55446, -3.11607, -0.015394
261.749, 0.00324701, 0.050238, -0.084842, -1.5624, 1.55566, -3.11806, -0.0155443
264.331, -0.017339, 0.0435992, -0.0825666, -1.56319, 1.55683, -3.12002, -0.0156944
266.913, -0.0329398, 0.0297571, -0.0803386, -1.56398, 1.55799, -3.12198, -0.0158442
269.626, -0.0416873, 0.0106973, -0.0780498, -1.56482, 1.55919, -3.12401, -0.0160013
272.54, -0.0416228, -0.0107634, -0.0756488, -1.56572, 1.56045, -3.12617, -0.0161698
275.454, -0.0327895, -0.0292057, -0.0733083, -1.56663, 1.5617, -3.12832, -0.0163379
278.369, -0.0176422, -0.0415851, -0.0710281, -1.56753, 1.56292, -3.13045, -0.0165056
281.487, 0.00188393, -0.0463217, -0.0686549, -1.5685, 1.56421, -3.13271, -0.0166846
284.605, 0.0208737, -0.0422165, -0.0663498, -1.56948, 1.56547, -3.13495, -0.0168631
287.723, 0.0359774, -0.0308099, -0.0641119, -1.57046, 1.56672, -3.13717, -0.0170411
291.078, 0.0454583, -0.0132749, -0.0617779, -1.57151, 1.56803, -3.13954, -0.017232
294.735, 0.0467042, 0.00801585, -0.0593204, 4.71052, 1.56944, 3.14108, -0.0174394
298.392, 0.0391204, 0.0275793, -0.0569511, 1.56777, -1.57077, 3.13854, -0.017646
302.049, 0.0247492, 0.0423132, -0.0546681, 1.5666, -1.56942, 3.13602, -0.0178517
306.017, 0.00475403, 0.0507817, -0.0522858, 1.56534, -1.56797, 3.13331, -0.0180739
310.338, -0.017923, 0.0505829, -0.0498018, 1.56395, -1.56643, 3.13039, -0.0183147
314.659, -0.0375713, 0.0419285, -0.0474288, 1.56256, -1.56492, 3.12749, -0.0185541
318.979, -0.0515289, 0.0274623, -0.045163, 1.56117, -1.56344, 3.12461, -0.018792
323.851, -0.0590992, 0.00795647, -0.0427322, 1.55959, -1.56181, 3.12139, -0.0190586
328.992, -0.0580824, -0.0121863, -0.0403037, 1.55791, -1.56012, 3.11803, -0.0193377
334.133, -0.0496907, -0.0285694, -0.0380094, 1.55622, -1.55847, 3.11469, -0.0196145
339.713, -0.0353234, -0.0398566, -0.0356635, 1.55438, -1.55672, 3.1111, -0.0199123
345.885, -0.0171512, -0.0436722, -0.0332353, 1.55233, -1.55483, 3.10716, -0.0202382
352.352, 0.0003723, -0.0389723, -0.0308669, 1.55017, -1.5529, 3.10307, -0.0205755
359.092, 0.0139352, -0.0272226, -0.0285781, 1.5479, -1.55094, 3.09884, -0.0209225
366.439, 0.0216877, -0.0101078, -0.0262774, 1.54541, -1.54886, 3.09427, -0.0212951
374.872, 0.0217533, 0.0106718, -0.0238673, 1.54252, -1.54654, 3.08906, -0.0217149
383.652, 0.0137861, 0.0298703, -0.0215975, 1.53949, -1.54419, 3.08368, -0.0221429
393.182, -0.000859666, 0.0454688, -0.0193841, 1.53616, -1.54173, 3.07789, -0.0225962
403.97, -0.0208204, 0.055754, -0.0171598, 1.53235, -1.53903, 3.07138, -0.0230946
416.456, -0.0438693, 0.0591343, -0.0149145, 1.52786, -1.53603, 3.06389, -0.0236507
429.992, -0.0653707, 0.0555875, -0.012826, 1.52293, -1.5329, 3.05582, -0.0242269
445.478, -0.0839291, 0.0466845, -0.010811, 1.51716, -1.52947, 3.04663, -0.0248501
464.111, -0.0983961, 0.0340754, -0.00882505, 1.51006, -1.52554, 3.0356, -0.0255458
486.584, -0.107622, 0.0205136, -0.00693883, 1.50122, -1.52105, 3.02227, -0.026301
513.017, -0.111885, 0.00918567, -0.00526448, 1.49042, -1.51609, 3.00651, -0.027064
545.848, -0.11288, 0.0016671, -0.00377734, 1.47629, -1.51037, 2.98666, -0.0278106
588.576, -0.112278, -0.000732554, -0.00250175, 1.45655, -1.50352, 2.96007, -0.0284279
647.494, -0.11165, 0.00287822, -0.00147619, 1.42622, -1.49506, 2.92128, -0.0285903
739.614, -0.112131, 0.0137546, -0.000717942, 1.36892, -1.48368, 2.8526, -0.0272419
888.747, -0.114024, 0.0330584, -0.000300507, 1.23284, -1.46902, 2.70186, -0.021579
1050.42, -0.115846, 0.0555107, -0.000178279, 0.952116, -1.45729, 2.40941, -0.0133983
1147.63, -0.116206, 0.0706575, -0.000150889, 0.639617, -1.45198, 2.09159, -0.00958764
1300.16, -0.114259, 0.0837506, -8.46797e-05, -0.102451, -1.44597, 1.34352, -0.00927852
1452.7, -0.112953, 0.0800685, -2.93957e-05, -0.668745, -1.44254, 0.77379, -0.0197965
1605.23, -0.112359, 0.0770559, -1.17323e-05, -0.93817, -1.44146, 0.503289, -0.0417312
1808.9, -0.112102, 0.0764868, 6.2051e-07, -1.10576, -1.44335, 0.337598, -0.0810216
2032.59, -0.112409, 0.0765927, 3.74412e-07, -1.19429, -1.44931, 0.25502, -0.120018
2283.38, -0.112771, 0.076648, 2.10307e-07, -1.24307, -1.45996, 0.216895, -0.139564
