81, 0.00189482, -9.42829e-06, -1.28675, -1.53393, -1.11443, -0.419503, -0.00865914
81.001, 0.00189496, -9.93518e-05, -1.28666, -1.53393, -1.11441, -0.41952, -0.00865922
81.0055, 0.00189846, -0.000503916, -1.28625, -1.53393, -1.11433, -0.419596, -0.00865959
81.0258, 0.00197189, -0.00232133, -1.28443, -1.53393, -1.11399, -0.419936, -0.00866124
81.1169, 0.00345065, -0.0103233, -1.27627, -1.53392, -1.11245, -0.421474, -0.00866868
81.2976, 0.0114592, -0.0240558, -1.26023, -1.53391, -1.10936, -0.42455, -0.00868342
81.4783, 0.0245432, -0.0327714, -1.24437, -1.53389, -1.10623, -0.427663, -0.00869816
81.6704, 0.0409059, -0.0348028, -1.22772, -1.53388, -1.10287, -0.431011, -0.00871382
81.8625, 0.0561942, -0.0292452, -1.21128, -1.53386, -1.09946, -0.434401, -0.00872946
82.0545, 0.0672032, -0.0175876, -1.19505, -1.53385, -1.09601, -0.437835, -0.0087451
82.2466, 0.0718499, -0.00248289, -1.17901, -1.53383, -1.09252, -0.441312, -0.00876074
82.4522, 0.0690451, 0.0139378, -1.16206, -1.53382, -1.08873, -0.445084, -0.00877747
82.6578, 0.0591475, 0.027051, -1.14534, -1.5338, -1.08489, -0.448908, -0.00879419
82.8635, 0.0445712, 0.0341401, -1.12884, -1.53378, -1.081, -0.452786, -0.0088109
83.079, 0.0278429, 0.033739, -1.11178, -1.53377, -1.07686, -0.456907, -0.00882841
83.2945, 0.013418, 0.0257732, -1.09496, -1.53375, -1.07266, -0.46109, -0.00884592
83.51, 0.00434133, 0.0123287, -1.07837, -1.53374, -1.0684, -0.465334, -0.00886341
83.7255, 0.00227657, -0.00351317, -1.06202, -1.53372, -1.06408, -0.469641, -0.0088809
83.9484, 0.00762505, -0.0188835, -1.04534, -1.53371, -1.05954, -0.474163, -0.00889897
84.1714, 0.0191373, -0.0300587, -1.02891, -1.53369, -1.05494, -0.478755, -0.00891704
84.3943, 0.0341891, -0.0349088, -1.01272, -1.53368, -1.05026, -0.483419, -0.0089351
84.6339, 0.0506903, -0.0322969, -0.99557, -1.53366, -1.04514, -0.488514, -0.0089545
84.8735, 0.0639104, -0.0225685, -0.978692, -1.53364, -1.03995, -0.493695, -0.0089739
85.1131, 0.071179, -0.00818219, -0.962078, -1.53363, -1.03466, -0.498964, -0.00899328
85.3679, 0.0710694, 0.00862664, -0.944696, -1.53361, -1.02894, -0.504666, -0.00901388
85.6226, 0.0633407, 0.0232176, -0.927604, -1.53359, -1.02312, -0.510472, -0.00903447
85.8774, 0.0500462, 0.0325254, -0.910797, -1.53358, -1.01719, -0.516386, -0.00905505
86.1322, 0.0342665, 0.0348377, -0.894269, -1.53356, -1.01115, -0.522409, -0.00907561
86.3983, 0.0187669, 0.0296739, -0.877303, -1.53354, -1.00472, -0.528819, -0.00909708
86.6643, 0.00748256, 0.0182999, -0.860633, -1.53353, -0.998172, -0.535354, -0.00911854
86.9304, 0.00248532, 0.00340103, -0.844253, -1.53351, -0.991491, -0.542018, -0.00913998
87.2176, 0.00483824, -0.0130411, -0.8269, -1.53349, -0.984135, -0.549358, -0.00916311
87.5047, 0.014253, -0.0263389, -0.809874, -1.53348, -0.976621, -0.556855, -0.00918623
87.7918, 0.0283579, -0.0338599, -0.793171, -1.53346, -0.968944, -0.564514, -0.00920933
88.0963, 0.0449485, -0.0341985, -0.775797, -1.53344, -0.96062, -0.572821, -0.00923382
88.4009, 0.0595425, -0.0271013, -0.758773, -1.53342, -0.952103, -0.58132, -0.0092583
88.7055, 0.0692161, -0.0145364, -0.742092, -1.53341, -0.943388, -0.590018, -0.00928276
89.0263, 0.0723445, 0.0014597, -0.724882, -1.53339, -0.933987, -0.599402, -0.00930852
89.3471, 0.0680818, 0.0167992, -0.708038, -1.53337, -0.924352, -0.609019, -0.00933426
89.668, 0.0577602, 0.028447, -0.691552, -1.53335, -0.914477, -0.618877, -0.00935998
90.0034, 0.0430743, 0.0345066, -0.674693, -1.53334, -0.903889, -0.629448, -0.00938686
90.3677, 0.0263276, 0.0331336, -0.656807, -1.53332, -0.892072, -0.641246, -0.00941603
90.732, 0.0124835, 0.0244203, -0.639355, -1.5333, -0.879915, -0.653385, -0.00944518
91.0963, 0.00426018, 0.0107884, -0.622327, -1.53328, -0.867407, -0.665875, -0.00947432
91.4805, 0.00298971, -0.00548426, -0.604815, -1.53326, -0.853821, -0.679443, -0.00950503
91.8648, 0.00896781, -0.0201998, -0.587754, -1.53325, -0.839817, -0.693429, -0.00953571
92.249, 0.0204511, -0.0305556, -0.571131, -1.53323, -0.825381, -0.707848, -0.00956638
92.6583, 0.0358228, -0.0349905, -0.553896, -1.53321, -0.809512, -0.723698, -0.00959903
93.0899, 0.051887, -0.0319829, -0.536235, -1.53319, -0.792211, -0.740981, -0.00963343
93.5216, 0.0644939, -0.0224336, -0.519086, -1.53317, -0.774307, -0.758866, -0.00966781
93.9532, 0.0714875, -0.00882977, -0.502437, -1.53316, -0.75578, -0.777376, -0.00970216
94.4402, 0.0717401, 0.00779823, -0.484232, -1.53314, -0.734099, -0.799037, -0.00974089
94.9273, 0.0646815, 0.022197, -0.466627, -1.53312, -0.711572, -0.821546, -0.0097796
95.4144, 0.052462, 0.0316851, -0.449604, -1.5331, -0.68817, -0.84493, -0.00981827
95.9368, 0.0368319, 0.0349469, -0.431971, -1.53308, -0.662066, -0.871015, -0.00985972
96.484, 0.0213141, 0.0308598, -0.414177, -1.53306, -0.633588, -0.899474, -0.0099031
97.0311, 0.00966451, 0.0208078, -0.397048, -1.53304, -0.603915, -0.929129, -0.00994644
97.6101, 0.00342438, 0.00653445, -0.37962, -1.53303, -0.571187, -0.96184, -0.00999226
98.2458, 0.0041947, -0.00975015, -0.361284, -1.53301, -0.533667, -0.999341, -0.0100425
98.8815, 0.0117246, -0.0233474, -0.343751, -1.53299, -0.494475, -1.03851, -0.0100927
99.5398, 0.0241905, -0.0322637, -0.326401, -1.53297, -0.452134, -1.08084, -0.0101447
100.259, 0.0398258, -0.0349763, -0.308346, -1.53296, -0.403874, -1.12908, -0.0102014
101.009, 0.0548203, -0.0306394, -0.290483, -1.53294, -0.351452, -1.18149, -0.0102605
101.76, 0.0658949, -0.0209715, -0.273554, -1.53292, -0.297033, -1.23589, -0.0103195
102.6, 0.0721818, -0.00688791, -0.255639, -1.53291, -0.233953, -1.29895, -0.0103856
103.528, 0.0717089, 0.00893132, -0.237093, -1.53289, -0.16223, -1.37066, -0.0104584
104.455, 0.0650632, 0.0220351, -0.21976, -1.53288, -0.0889267, -1.44395, -0.0105312
105.47, 0.0534808, 0.0313199, -0.202106, -1.53287, -0.00782711, -1.52504, -0.0106106
106.609, 0.0386778, 0.034964, -0.183803, -1.53286, 0.0831105, -1.61597, -0.0106997
107.848, 0.0239413, 0.0320407, -0.165571, -1.53285, 0.180312, -1.71316, -0.0107966
109.172, 0.0122302, 0.0236752, -0.147894, -1.53284, 0.280215, -1.81306, -0.0108998
110.661, 0.00489869, 0.0113486, -0.130021, -1.53284, 0.385899, -1.91874, -0.0110158
112.427, 0.00316463, -0.00329324, -0.111327, -1.53285, 0.500136, -2.03298, -0.0111531
114.347, 0.00706801, -0.0163528, -0.0937293, -1.53286, 0.609833, -2.14269, -0.0113022
116.564, 0.0152285, -0.0265523, -0.0765014, -1.53289, 0.718313, -2.2512, -0.0114739
119.277, 0.026251, -0.0329187, -0.059257, -1.53293, 0.827713, -2.36064, -0.0116835
122.715, 0.0381326, -0.0348976, -0.0423602, -1.53301, 0.936773, -2.46978, -0.0119486
126.942, 0.0481474, -0.0333079, -0.0274918, -1.53313, 1.03755, -2.57068, -0.0122736
132.476, 0.0554498, -0.0300232, -0.0150739, -1.53334, 1.13236, -2.66571, -0.0126975
140.174, 0.059841, -0.0268793, -0.00615193, -1.53372, 1.22183, -2.75555, -0.0132848
151.717, 0.0618645, -0.025001, -0.00170576, -1.53446, 1.30616, -2.84062, -0.0141611
169.592, 0.0629976, -0.0237538, -0.00157546, -1.53596, 1.38159, -2.91755, -0.0155094
192.553, 0.0663289, -0.0188679, -0.00586838, -1.53843, 1.43649, -2.97493, -0.0172275
209.172, 0.0701242, -0.00873711, -0.0106031, -1.54055, 1.46256, -3.00311, -0.018461
222.086, 0.0708232, 0.0046311, -0.0143108, -1.54236, 1.47836, -3.02072, -0.0194127
235.076, 0.065333, 0.0217617, -0.0175956, -1.54431, 1.49158, -3.03589, -0.0203632
245.903, 0.0535857, 0.0357076, -0.0198205, -1.54603, 1.50106, -3.04709, -0.0211495
257.401, 0.0339147, 0.0454514, -0.0216079, -1.54795, 1.50995, -3.0579, -0.0219777
267.672, 0.0127381, 0.046092, -0.0227038, -1.54974, 1.51706, -3.06679, -0.0227111
277.944, -0.00737905, 0.0376322, -0.0233582, -1.55159, 1.52352, -3.07511, -0.0234375
288.215, -0.0217793, 0.0214337, -0.0236179, -1.5535, 1.52944, -3.08294, -0.0241565
298.486, -0.0272272, 0.00126112, -0.0235375, -1.55547, 1.5349, -3.09037, -0.0248672
308.757, -0.0229745, -0.0180239, -0.0231737, -1.5575, 1.53997, -3.09747, -0.0255689
319.028, -0.0108255, -0.0320098, -0.0225815, -1.55958, 1.5447, -3.10428, -0.0262609
329.299, 0.00561777, -0.0379496, -0.0218118, -1.56172, 1.54913, -3.11085, -0.0269425
339.57, 0.0221827, -0.0353077, -0.0209101, -1.56391, 1.5533, -3.11721, -0.0276129
349.842, 0.0353435, -0.0255087, -0.0199159, -1.56615, 1.55724, -3.12339, -0.0282714
360.739, 0.0432186, -0.0101632, -0.0187974, -1.56858, 1.56119, -3.12977, -0.028956
372.764, 0.0438352, 0.00875098, -0.0175259, -1.57133, 1.56531, -3.13664, -0.0296937
385.263, 0.0365936, 0.0267893, -0.016199, 4.70893, 1.56936, 3.13956, -0.0304394
398.4, 0.022943, 0.0411833, -0.0148309, 1.56418, -1.5682, 3.13238, -0.0311986
412.917, 0.00436626, 0.0503608, -0.0133801, 1.5606, -1.564, 3.1246, -0.0320062
429.652, -0.0172109, 0.0528686, -0.0118145, 1.55636, -1.55943, 3.11579, -0.0328938
447.296, -0.036733, 0.0487804, -0.0103069, 1.55174, -1.5549, 3.10664, -0.033776
467.158, -0.0530476, 0.0398354, -0.00879525, 1.54637, -1.5501, 3.09647, -0.0346986
490.835, -0.0651521, 0.0277431, -0.00724516, 1.53972, -1.54476, 3.08448, -0.0356943
518.846, -0.0720431, 0.015436, -0.00573674, 1.53148, -1.53889, 3.07036, -0.036716
551.582, -0.0744022, 0.00578863, -0.0043577, 1.5213, -1.53255, 3.05385, -0.0376804
592.105, -0.0739265, 0.000229723, -0.00310604, 1.50782, -1.52537, 3.03319, -0.0385089
644.857, -0.0722521, -0.000142136, -0.00202069, 1.48856, -1.51695, 3.00552, -0.0389481
718.179, -0.0707701, 0.0053287, -0.00115199, 1.45788, -1.50666, 2.96454, -0.0383213
839.391, -0.0702922, 0.0183526, -0.000519419, 1.39284, -1.49246, 2.88531, -0.0342864
1007.59, -0.0710278, 0.0372322, -0.000240053, 1.24784, -1.47724, 2.72508, -0.0242413
1116.43, -0.0717969, 0.0506748, -0.000178584, 1.08187, -1.46962, 2.55149, -0.0169113
1253.13, -0.0722943, 0.0706962, -0.000150434, 0.683832, -1.46218, 2.14601, -0.00967811
1345.85, -0.07123, 0.0819616, -0.00012513, 0.225717, -1.45836, 1.68407, -0.00783901
1438.56, -0.0696248, 0.0831043, -7.44498e-05, -0.270297, -1.45545, 1.18515, -0.00982605
1531.27, -0.0688665, 0.0797131, -3.87007e-05, -0.62546, -1.45342, 0.827955, -0.0163095
1654.62, -0.0683485, 0.0763346, -1.92242e-05, -0.891443, -1.45198, 0.560537, -0.0316916
1813.34, -0.0679083, 0.0751077, -2.40114e-07, -1.06353, -1.45213, 0.388604, -0.0594514
1972.06, -0.06806, 0.07519, 6.95221e-07, -1.15477, -1.45436, 0.299592, -0.0894152
2222.1, -0.0684663, 0.0752829, 3.10861e-07, -1.22979, -1.46153, 0.231742, -0.12445
2283.38, -0.0685629, 0.0752959, 2.69859e-07, -1.24096, -1.46389, 0.222923, -0.129008
