81, 0.00600125, -7.2532e-06, -0.913251, -1.53054, -0.860209, -0.670331, -0.00801073
81.001, 0.00600132, -6.97685e-05, -0.913178, -1.53054, -0.860175, -0.670366, -0.00801081
81.0055, 0.00600305, -0.000351021, -0.912848, -1.53054, -0.860018, -0.670522, -0.00801116
81.0258, 0.00603931, -0.00161486, -0.911364, -1.53054, -0.859313, -0.671226, -0.00801271
81.1169, 0.006771, -0.00722615, -0.904716, -1.53053, -0.856127, -0.674407, -0.00801971
81.3726, 0.0134069, -0.0212922, -0.886297, -1.53052, -0.847065, -0.683457, -0.00803934
81.6283, 0.0253002, -0.0308529, -0.868225, -1.53051, -0.837821, -0.692689, -0.00805896
81.9011, 0.0408561, -0.0343029, -0.849326, -1.5305, -0.827757, -0.70274, -0.00807987
82.1834, 0.056463, -0.0302573, -0.830163, -1.53048, -0.817112, -0.713372, -0.00810151
82.4657, 0.0682765, -0.0198411, -0.8114, -1.53047, -0.80623, -0.724242, -0.00812314
82.748, 0.0741317, -0.00561816, -0.793028, -1.53046, -0.795105, -0.735356, -0.00814475
83.0576, 0.0728611, 0.0107681, -0.773321, -1.53045, -0.782618, -0.747829, -0.00816844
83.3672, 0.0644024, 0.0243942, -0.754065, -1.53043, -0.769826, -0.760608, -0.00819212
83.6767, 0.0510385, 0.0325514, -0.735251, -1.53042, -0.756721, -0.773701, -0.00821578
84.0032, 0.0350038, 0.033829, -0.71588, -1.53041, -0.742555, -0.787855, -0.00824072
84.3296, 0.0205104, 0.0278844, -0.696978, -1.5304, -0.728024, -0.802373, -0.00826565
84.6561, 0.0103896, 0.0164802, -0.678536, -1.53038, -0.713121, -0.817264, -0.00829056
85.0027, 0.00619648, 0.00132053, -0.659447, -1.53037, -0.696884, -0.833489, -0.00831699
85.3666, 0.00934327, -0.014408, -0.639931, -1.53036, -0.67936, -0.851, -0.00834473
85.7306, 0.0189331, -0.0266996, -0.620945, -1.53035, -0.661344, -0.869004, -0.00837246
86.0945, 0.0325353, -0.0333757, -0.602477, -1.53034, -0.642827, -0.887509, -0.00840016
86.4994, 0.0488454, -0.0332659, -0.582525, -1.53032, -0.621631, -0.908693, -0.00843096
86.9042, 0.0628414, -0.0259975, -0.563179, -1.53031, -0.599794, -0.930518, -0.00846174
87.309, 0.0718904, -0.0137381, -0.544422, -1.5303, -0.577308, -0.952992, -0.0084925
87.748, 0.0747067, 0.00193216, -0.524726, -1.53029, -0.552183, -0.978105, -0.00852584
88.187, 0.0704343, 0.0166764, -0.505681, -1.53028, -0.526283, -1.00399, -0.00855915
88.626, 0.0606049, 0.0277534, -0.487269, -1.53027, -0.499608, -1.03066, -0.00859244
89.1016, 0.0463862, 0.0337546, -0.468014, -1.53025, -0.469842, -1.06041, -0.00862848
89.6248, 0.0301601, 0.0326413, -0.447631, -1.53024, -0.436059, -1.09418, -0.0086681
90.1481, 0.0167998, 0.0246655, -0.428058, -1.53023, -0.401219, -1.12901, -0.00870769
90.6713, 0.00859336, 0.0122552, -0.409265, -1.53022, -0.365358, -1.16487, -0.00874725
91.2528, 0.00649405, -0.0033522, -0.389258, -1.53021, -0.324365, -1.20585, -0.00879118
91.8344, 0.0111861, -0.0175951, -0.370142, -1.5302, -0.282259, -1.24795, -0.00883508
92.4459, 0.0215005, -0.0284717, -0.35096, -1.5302, -0.236901, -1.2933, -0.00888121
93.1028, 0.0357312, -0.0339462, -0.33136, -1.53019, -0.187106, -1.34308, -0.00893072
93.8219, 0.051379, -0.0325585, -0.311043, -1.53018, -0.13158, -1.3986, -0.00898486
94.541, 0.0640553, -0.0250174, -0.291857, -1.53018, -0.0752957, -1.45488, -0.00903895
95.3197, 0.0724572, -0.0126815, -0.272291, -1.53017, -0.0138917, -1.51628, -0.00909747
96.1908, 0.0747863, 0.00263186, -0.251807, -1.53017, 0.0548229, -1.58499, -0.00916288
97.0968, 0.0704551, 0.0168683, -0.231983, -1.53017, 0.125645, -1.65581, -0.00923082
98.0544, 0.0608423, 0.0276833, -0.212562, -1.53017, 0.199052, -1.72922, -0.00930257
99.1188, 0.0474214, 0.033608, -0.192697, -1.53017, 0.278053, -1.80823, -0.00938222
100.333, 0.0323621, 0.0332798, -0.172073, -1.53018, 0.363903, -1.89408, -0.009473
101.616, 0.019625, 0.0271036, -0.152457, -1.53019, 0.448743, -1.97894, -0.00956872
103.046, 0.010607, 0.0165624, -0.132949, -1.53021, 0.53575, -2.06596, -0.00967538
104.731, 0.00648599, 0.00314158, -0.112849, -1.53024, 0.627721, -2.15796, -0.00980079
106.649, 0.00788872, -0.010172, -0.093296, -1.53028, 0.719249, -2.24953, -0.00994332
108.854, 0.0137401, -0.0212409, -0.074583, -1.53034, 0.808951, -2.33929, -0.0101069
111.552, 0.0226663, -0.0291259, -0.0562716, -1.53042, 0.899677, -2.4301, -0.0103066
115.053, 0.0330089, -0.033268, -0.0385106, -1.53055, 0.992969, -2.52352, -0.0105652
119.561, 0.042231, -0.0339638, -0.0230873, -1.53076, 1.08365, -2.61441, -0.0108974
125.479, 0.0488209, -0.0328526, -0.0113786, -1.53108, 1.16936, -2.70045, -0.0113321
133.951, 0.052697, -0.0314925, -0.0041088, -1.53166, 1.25251, -2.78417, -0.0119523
147.331, 0.0547252, -0.030508, -0.00178232, -1.53279, 1.33388, -2.86666, -0.0129279
165.384, 0.0576055, -0.0286336, -0.00435835, -1.53469, 1.39817, -2.93286, -0.0142382
180.081, 0.0627248, -0.0237327, -0.00918024, -1.53652, 1.43197, -2.96849, -0.0153006
193.034, 0.0684882, -0.0138514, -0.0143209, -1.53831, 1.45419, -2.99251, -0.0162333
203.726, 0.0710284, -0.000328998, -0.018518, -1.53991, 1.46904, -3.00894, -0.0170004
214.424, 0.0673641, 0.0170718, -0.0222872, -1.54159, 1.48161, -3.0232, -0.017765
223.36, 0.056993, 0.0315541, -0.0249486, -1.54307, 1.49076, -3.03383, -0.018401
232.641, 0.0388824, 0.0419703, -0.0271744, -1.54467, 1.49923, -3.0439, -0.0190586
240.992, 0.018567, 0.0435667, -0.0286955, -1.54615, 1.50611, -3.05226, -0.0196474
249.343, -0.00120742, 0.0359622, -0.0297747, -1.54769, 1.5124, -3.06008, -0.020233
257.693, -0.015533, 0.02016, -0.0304422, -1.54926, 1.51819, -3.06745, -0.0208152
266.044, -0.0206583, -0.000121382, -0.030738, -1.55088, 1.52355, -3.07442, -0.0213937
273.21, -0.0167318, -0.0170896, -0.0307294, -1.5523, 1.52784, -3.08014, -0.0218868
280.376, -0.00612046, -0.0301299, -0.0305094, -1.55375, 1.5319, -3.08564, -0.0223765
287.789, 0.0093016, -0.0368657, -0.0300901, -1.55527, 1.53586, -3.09113, -0.0228795
295.693, 0.0267431, -0.035267, -0.0294627, -1.55693, 1.53985, -3.09679, -0.0234112
303.596, 0.0410827, -0.0254751, -0.0286831, -1.55863, 1.54364, -3.10226, -0.0239379
311.5, 0.0492786, -0.0101041, -0.0277831, -1.56035, 1.54723, -3.10757, -0.0244594
319.819, 0.0498378, 0.00835204, -0.0267367, -1.56219, 1.55082, -3.11301, -0.0250022
328.139, 0.0425535, 0.0253977, -0.0256175, -1.56407, 1.55424, -3.11831, -0.0255383
336.459, 0.0293066, 0.0381631, -0.0244505, -1.56599, 1.5575, -3.12349, -0.0260673
345.584, 0.0110514, 0.0454352, -0.0231406, -1.56812, 1.56092, -3.12904, -0.026639
355.61, -0.00943908, 0.0451169, -0.0216924, -1.57051, 1.56449, -3.135, -0.0272559
365.635, -0.0268834, 0.0377289, -0.0202584, -1.57294, 1.5679, -3.14084, -0.0278606
376.316, -0.0398664, 0.0250545, -0.0187674, 1.566, -1.57023, 3.13624, -0.0284904
388.291, -0.0469219, 0.0088439, -0.0171614, 1.56298, -1.56654, 3.12952, -0.029178
401.124, -0.0469261, -0.00709674, -0.0155348, 1.55967, -1.56277, 3.12244, -0.0298915
414.785, -0.0410573, -0.0197726, -0.0139236, 1.55606, -1.55897, 3.11503, -0.0306231
430.068, -0.0309913, -0.0275956, -0.0122761, 1.55192, -1.55492, 3.10685, -0.0314051
448.091, -0.0186122, -0.0290578, -0.0105442, 1.54691, -1.55042, 3.09733, -0.0322746
467.829, -0.00772067, -0.0238355, -0.00889786, 1.54123, -1.54578, 3.08702, -0.0331573
490.405, -0.000163279, -0.0131964, -0.00730856, 1.53451, -1.5408, 3.07531, -0.0340716
517.735, 0.00278548, 0.00173081, -0.0057501, 1.52601, -1.53518, 3.06119, -0.0350333
553.066, 0.000134927, 0.0199393, -0.0042199, 1.5144, -1.52848, 3.04287, -0.0360244
596.935, -0.0075201, 0.0385069, -0.00289145, 1.49887, -1.5209, 3.01978, -0.0368328
654.912, -0.0185365, 0.0569883, -0.00178833, 1.47615, -1.51195, 2.98809, -0.0371435
736.132, -0.0307435, 0.0756534, -0.000962651, 1.43891, -1.50103, 2.93994, -0.0360979
842.995, -0.0409187, 0.0936891, -0.000482942, 1.37602, -1.48897, 2.865, -0.0322722
1005.31, -0.0493632, 0.115898, -0.000231846, 1.22476, -1.47459, 2.69935, -0.0227697
1121.83, -0.052823, 0.13212, -0.000172455, 1.02793, -1.46665, 2.49458, -0.015295
1232.75, -0.0539117, 0.149476, -0.000150754, 0.689301, -1.4607, 2.15, -0.00978379
1325.99, -0.0518249, 0.161084, -0.000124831, 0.236114, -1.4568, 1.69292, -0.00792254
1419.23, -0.048762, 0.162112, -7.43303e-05, -0.258598, -1.45385, 1.19525, -0.00985496
1512.47, -0.0474419, 0.158508, -3.8396e-05, -0.616301, -1.45178, 0.835482, -0.0162987
1637.16, -0.046863, 0.154992, -1.91149e-05, -0.886435, -1.45033, 0.563899, -0.0318217
1813.23, -0.0464649, 0.153689, 1.04453e-07, -1.07234, -1.45067, 0.378336, -0.0630157
1989.29, -0.0466508, 0.153787, 6.16334e-07, -1.16586, -1.45355, 0.287697, -0.0960402
2269.32, -0.0470849, 0.153874, 2.65164e-07, -1.23929, -1.46262, 0.22333, -0.130215
2283.38, -0.047106, 0.153876, 2.57923e-07, -1.24157, -1.4632, 0.221634, -0.130996
