421, 0.598728, 0.00620273, -0.0979239, -0.972064, 1.13951, -2.11157
421.001, 0.598727, 0.00620273, -0.097923, -0.972066, 1.13951, -2.11158
421.005, 0.598721, 0.00620273, -0.0979187, -0.972071, 1.13952, -2.11159
421.026, 0.598697, 0.00620271, -0.0978996, -0.972096, 1.13954, -2.11163
421.117, 0.598586, 0.00620264, -0.0978137, -0.972207, 1.13963, -2.11184
421.527, 0.59809, 0.00620243, -0.097428, -0.972706, 1.14005, -2.11276
423.372, 0.595879, 0.0062062, -0.0957146, -0.974944, 1.14194, -2.11688
429.564, 0.58868, 0.00635589, -0.0902188, -0.982375, 1.1482, -2.13057
435.981, 0.581326, 0.00678389, -0.0849109, -0.989949, 1.15456, -2.14451
443.698, 0.572355, 0.00740511, -0.0790056, -0.99889, 1.16206, -2.16095
453.224, 0.56131, 0.00786742, -0.0723688, -1.00968, 1.17108, -2.18076
462.75, 0.550781, 0.00808253, -0.0663766, -1.02021, 1.17986, -2.20007
472.276, 0.540788, 0.00847306, -0.0609576, -1.03048, 1.1884, -2.21889
481.801, 0.531001, 0.00915368, -0.0560493, -1.04051, 1.19671, -2.23723
492.761, 0.519768, 0.0100308, -0.0509631, -1.05176, 1.20601, -2.25777
506.698, 0.505735, 0.0108986, -0.0452537, -1.06563, 1.21743, -2.28306
520.635, 0.492375, 0.0115656, -0.0402765, -1.07903, 1.22842, -2.30746
534.571, 0.479724, 0.0123572, -0.0359255, -1.09199, 1.23902, -2.33101
548.508, 0.46756, 0.0134067, -0.0321116, -1.10453, 1.24922, -2.35376
564.414, 0.454051, 0.0148131, -0.0283201, -1.11836, 1.26043, -2.37879
583.506, 0.438317, 0.0165497, -0.0244348, -1.13431, 1.27329, -2.4076
605.973, 0.420651, 0.0185106, -0.0206282, -1.15223, 1.28767, -2.4399
629.805, 0.403069, 0.0205897, -0.0173185, -1.17032, 1.30208, -2.47239
654.699, 0.385941, 0.0229335, -0.0144977, -1.18827, 1.31629, -2.50456
682.057, 0.36841, 0.0258037, -0.011989, -1.20699, 1.33099, -2.53798
713.231, 0.349881, 0.0294258, -0.00971688, -1.22715, 1.34668, -2.57383
749.475, 0.330095, 0.0339939, -0.00767134, -1.24917, 1.36365, -2.61282
792.147, 0.309063, 0.0397025, -0.0058663, -1.27336, 1.38206, -2.65542
843.074, 0.286968, 0.0467937, -0.00431452, -1.30011, 1.40208, -2.70219
905.274, 0.264059, 0.0556131, -0.00301617, -1.3301, 1.42407, -2.75417
982.504, 0.241097, 0.0664083, -0.00198, -1.36398, 1.44822, -2.8122
1076.48, 0.219928, 0.0787355, -0.00122435, -1.40123, 1.47376, -2.87499
1195.13, 0.201269, 0.0923617, -0.00069755, -1.44356, 1.50124, -2.9448
1352.81, 0.185859, 0.106763, -0.00035474, -1.49422, 1.53152, -3.02574
1582.72, 0.174073, 0.121444, -0.000154344, -1.56154, 1.56655, -3.12809
1844.61, 0.167605, 0.132599, -7.73392e-05, 1.50645, -1.54419, 3.05064
