201, -2.37299, -3.40099e-06, -0.430831, 1.10786, -1.48915, 2.59701, -0.000652476
201.001, -2.37299, 0.000267004, -0.430816, 1.10786, -1.48915, 2.59701, -0.000652487
201.006, -2.37299, 0.00148372, -0.43075, 1.10787, -1.48915, 2.59701, -0.00065254
201.026, -2.37293, 0.00695664, -0.430454, 1.10788, -1.48914, 2.59702, -0.000652777
201.117, -2.37176, 0.0315302, -0.429124, 1.10795, -1.48912, 2.59707, -0.000653846
201.522, -2.34814, 0.138947, -0.423265, 1.10826, -1.489, 2.59726, -0.000658609
201.943, -2.28963, 0.242754, -0.417283, 1.10857, -1.48889, 2.59746, -0.00066357
202.292, -2.21231, 0.314269, -0.412403, 1.10882, -1.48879, 2.59762, -0.000667693
202.654, -2.10703, 0.360939, -0.407413, 1.10909, -1.48869, 2.59778, -0.000671981
203.016, -1.98969, 0.367002, -0.402496, 1.10934, -1.48859, 2.59794, -0.000676281
203.396, -1.87633, 0.328985, -0.397403, 1.10961, -1.48849, 2.5981, -0.000680814
203.79, -1.78696, 0.256883, -0.39221, 1.10989, -1.48838, 2.59827, -0.000685522
204.183, -1.72919, 0.16901, -0.387096, 1.11016, -1.48827, 2.59843, -0.000690245
204.577, -1.69891, 0.0759169, -0.382062, 1.11042, -1.48817, 2.59859, -0.000694983
205.005, -1.69251, -0.0257451, -0.376684, 1.11071, -1.48805, 2.59876, -0.000700143
205.465, -1.71433, -0.132718, -0.370994, 1.11101, -1.48792, 2.59894, -0.000705718
205.944, -1.77049, -0.236449, -0.365181, 1.11132, -1.48779, 2.59912, -0.00071154
206.35, -1.84723, -0.309791, -0.360343, 1.11158, -1.48768, 2.59926, -0.000716486
206.755, -1.94856, -0.356976, -0.355581, 1.11183, -1.48757, 2.59941, -0.000721448
207.161, -2.0623, -0.36592, -0.350894, 1.11209, -1.48746, 2.59955, -0.000726424
207.591, -2.17469, -0.332198, -0.346012, 1.11235, -1.48735, 2.59969, -0.000731708
208.043, -2.26621, -0.262846, -0.340959, 1.11262, -1.48722, 2.59984, -0.000737289
208.495, -2.32622, -0.176488, -0.335994, 1.11288, -1.4871, 2.59999, -0.000742888
208.947, -2.35853, -0.0842902, -0.331115, 1.11315, -1.48698, 2.60013, -0.000748506
209.436, -2.36714, 0.0163527, -0.325929, 1.11342, -1.48685, 2.60027, -0.000754606
209.965, -2.34818, 0.122938, -0.320432, 1.11372, -1.48671, 2.60043, -0.000761225
210.518, -2.29565, 0.227499, -0.314802, 1.11402, -1.48656, 2.60058, -0.00076817
211.004, -2.21936, 0.305353, -0.309957, 1.11428, -1.48643, 2.60071, -0.000774288
211.489, -2.11649, 0.356881, -0.305201, 1.11454, -1.4863, 2.60083, -0.000780427
211.974, -1.99936, 0.368656, -0.300532, 1.11479, -1.48617, 2.60096, -0.000786587
212.46, -1.88886, 0.338271, -0.295947, 1.11503, -1.48604, 2.60107, -0.000792767
212.983, -1.79536, 0.271585, -0.2911, 1.11529, -1.4859, 2.60119, -0.000799449
213.506, -1.73296, 0.187238, -0.286346, 1.11555, -1.48576, 2.60131, -0.000806155
214.029, -1.69807, 0.0967364, -0.281685, 1.1158, -1.48562, 2.60142, -0.000812884
214.598, -1.68627, -0.00274416, -0.276711, 1.11606, -1.48547, 2.60153, -0.000820239
215.217, -1.70123, -0.108577, -0.271428, 1.11634, -1.48531, 2.60165, -0.000828257
215.866, -1.74859, -0.213237, -0.266012, 1.11663, -1.48513, 2.60176, -0.000836706
216.515, -1.83124, -0.302175, -0.260724, 1.11691, -1.48496, 2.60187, -0.000845191
217.029, -1.92079, -0.35017, -0.256621, 1.11712, -1.48483, 2.60195, -0.000851941
217.57, -2.02863, -0.367692, -0.252391, 1.11735, -1.48469, 2.60203, -0.000859062
218.141, -2.13965, -0.34575, -0.24801, 1.11758, -1.48454, 2.60211, -0.000866612
218.761, -2.23758, -0.285588, -0.243358, 1.11782, -1.48437, 2.60219, -0.000874837
219.381, -2.30508, -0.205096, -0.238808, 1.11805, -1.48421, 2.60226, -0.000883095
220.001, -2.34482, -0.116942, -0.234359, 1.11828, -1.48405, 2.60233, -0.000891384
220.673, -2.36177, -0.0197918, -0.22965, 1.11852, -1.48388, 2.6024, -0.000900401
221.408, -2.35324, 0.0846691, -0.224631, 1.11877, -1.48368, 2.60246, -0.000910297
222.188, -2.31382, 0.190388, -0.219439, 1.11903, -1.48348, 2.60252, -0.000920864
222.969, -2.2407, 0.283437, -0.214388, 1.11928, -1.48328, 2.60256, -0.00093148
223.619, -2.15394, 0.340839, -0.210289, 1.11949, -1.48311, 2.6026, -0.000940352
224.268, -2.05028, 0.368395, -0.206283, 1.11968, -1.48295, 2.60262, -0.000949259
224.944, -1.94011, 0.358909, -0.202214, 1.11987, -1.48277, 2.60265, -0.000958553
225.7, -1.83441, 0.308793, -0.197767, 1.12008, -1.48258, 2.60266, -0.000969011
226.457, -1.75806, 0.23394, -0.193436, 1.12028, -1.48238, 2.60267, -0.000979513
227.214, -1.71019, 0.148874, -0.189216, 1.12048, -1.48219, 2.60267, -0.00099006
228.023, -1.6853, 0.0552406, -0.184827, 1.12067, -1.48198, 2.60266, -0.00100138
228.913, -1.6842, -0.0466465, -0.180135, 1.12088, -1.48176, 2.60264, -0.0010139
229.876, -1.7117, -0.152412, -0.17522, 1.12109, -1.48151, 2.6026, -0.0010275
230.883, -1.77363, -0.252855, -0.170245, 1.12129, -1.48126, 2.60255, -0.00104181
231.745, -1.85461, -0.321408, -0.166122, 1.12146, -1.48104, 2.6025, -0.00105411
232.607, -1.95698, -0.361685, -0.162117, 1.12161, -1.48083, 2.60244, -0.00106647
233.468, -2.06716, -0.364481, -0.158226, 1.12176, -1.48061, 2.60237, -0.00107888
234.442, -2.17908, -0.325022, -0.15396, 1.12191, -1.48037, 2.60227, -0.00109298
235.461, -2.26637, -0.252642, -0.149644, 1.12205, -1.48011, 2.60216, -0.00110779
236.48, -2.32193, -0.166482, -0.14547, 1.12218, -1.47986, 2.60204, -0.00112268
237.499, -2.35095, -0.0767593, -0.141433, 1.1223, -1.47961, 2.60191, -0.00113764
238.641, -2.3577, 0.0228256, -0.137065, 1.12242, -1.47933, 2.60174, -0.0011545
239.889, -2.33752, 0.127524, -0.132473, 1.12253, -1.47902, 2.60155, -0.00117302
241.212, -2.28485, 0.22962, -0.127802, 1.12263, -1.47869, 2.60132, -0.00119278
242.536, -2.19884, 0.313058, -0.123324, 1.1227, -1.47837, 2.60107, -0.00121266
243.664, -2.10262, 0.357606, -0.119652, 1.12275, -1.4781, 2.60085, -0.0012297
244.793, -1.99676, 0.368193, -0.116109, 1.12279, -1.47782, 2.60061, -0.00124682
246.079, -1.88447, 0.338992, -0.112223, 1.12281, -1.47751, 2.60032, -0.00126644
247.443, -1.79193, 0.274789, -0.108265, 1.12282, -1.47718, 2.6, -0.00128737
248.808, -1.73017, 0.194583, -0.104471, 1.1228, -1.47686, 2.59966, -0.00130842
250.173, -1.69465, 0.109749, -0.100834, 1.12277, -1.47653, 2.5993, -0.00132958
251.726, -1.67961, 0.013862, -0.096875, 1.12271, -1.47616, 2.59887, -0.0013538
253.449, -1.6892, -0.0884271, -0.0926973, 1.12261, -1.47576, 2.59837, -0.00138084
255.313, -1.72829, -0.19132, -0.0884147, 1.12248, -1.47532, 2.59779, -0.00141029
257.269, -1.80145, -0.283949, -0.0841711, 1.1223, -1.47486, 2.59716, -0.00144141
258.997, -1.89155, -0.342591, -0.0806205, 1.12211, -1.47446, 2.59657, -0.00146908
260.726, -1.99659, -0.368832, -0.0772458, 1.1219, -1.47406, 2.59596, -0.00149691
262.531, -2.10534, -0.357864, -0.0738978, 1.12165, -1.47364, 2.59529, -0.00152616
264.571, -2.20763, -0.308531, -0.0703199, 1.12133, -1.47317, 2.59451, -0.0015594
266.684, -2.28255, -0.235419, -0.0668273, 1.12097, -1.47269, 2.59366, -0.00159406
268.797, -2.32911, -0.154866, -0.0635381, 1.12057, -1.47221, 2.59278, -0.00162894
271.138, -2.35496, -0.0656157, -0.0601148, 1.12009, -1.47168, 2.59177, -0.00166783
273.79, -2.35915, 0.0311253, -0.0564969, 1.11949, -1.47109, 2.59058, -0.00171219
276.766, -2.33793, 0.131775, -0.0527402, 1.11875, -1.47043, 2.58918, -0.00176233
280.015, -2.28673, 0.22879, -0.0489718, 1.11787, -1.46972, 2.58759, -0.00181748
283.39, -2.20528, 0.30802, -0.0453896, 1.11688, -1.46898, 2.58586, -0.00187522
286.765, -2.1028, 0.354749, -0.0421134, 1.11582, -1.46825, 2.58407, -0.00193338
290.14, -1.99508, 0.362699, -0.0391135, 1.11467, -1.46753, 2.58221, -0.00199193
293.996, -1.88712, 0.33115, -0.03599, 1.11328, -1.46672, 2.58, -0.00205928
298.16, -1.80141, 0.269107, -0.0329433, 1.11167, -1.46584, 2.57752, -0.00213249
302.324, -1.74594, 0.196899, -0.0301975, 1.10996, -1.46498, 2.57495, -0.00220616
306.925, -1.71112, 0.116968, -0.0274727, 1.10796, -1.46404, 2.572, -0.00228804
312.288, -1.69489, 0.0295671, -0.0246563, 1.10547, -1.46296, 2.56843, -0.00238401
318.634, -1.69877, -0.063674, -0.0217537, 1.10232, -1.4617, 2.56402, -0.0024982
326.109, -1.72575, -0.159176, -0.0188393, 1.09835, -1.46024, 2.55859, -0.00263332
334.843, -1.77923, -0.251003, -0.0160015, 1.09335, -1.45858, 2.55193, -0.00279171
344.595, -1.85759, -0.326862, -0.0134125, 1.08734, -1.45676, 2.5441, -0.00296872
354.983, -1.95055, -0.375691, -0.0111845, 1.08045, -1.45487, 2.53532, -0.00315684
366.311, -2.04823, -0.395669, -0.00923974, 1.07237, -1.45288, 2.52525, -0.00336068
379.964, -2.14673, -0.388638, -0.00740761, 1.06189, -1.45054, 2.51243, -0.0036034
396.925, -2.23556, -0.358716, -0.00570341, 1.04772, -1.44776, 2.49548, -0.0038985
417.261, -2.30475, -0.317684, -0.00424306, 1.02909, -1.44457, 2.47366, -0.00423987
440.318, -2.35329, -0.277928, -0.00310001, 1.00575, -1.44114, 2.44689, -0.00460619
470.113, -2.39091, -0.240508, -0.00213076, 0.971965, -1.43699, 2.40895, -0.0050405
510.974, -2.42022, -0.209006, -0.00133971, 0.918524, -1.43176, 2.35029, -0.00555453
572.876, -2.44375, -0.18728, -0.000728944, 0.819879, -1.42477, 2.24465, -0.00614699
672.907, -2.46205, -0.1826, -0.000326674, 0.606447, -1.4155, 2.02194, -0.00676179
789.738, -2.471, -0.193766, -0.000146643, 0.26525, -1.40733, 1.67258, -0.0077091
936.272, -2.4728, -0.206813, -5.06336e-05, -0.219254, -1.40048, 1.18123, -0.0118614
1105.59, -2.47162, -0.211109, -1.47991e-05, -0.640574, -1.39658, 0.756008, -0.0258696
1334.4, -2.47041, -0.21161, -5.06217e-06, -0.940525, -1.39718, 0.456655, -0.0653238
1587.41, -2.47012, -0.211568, 2.88335e-07, -1.09736, -1.40457, 0.307202, -0.122225
1913.05, -2.47041, -0.2116, 1.18337e-07, -1.1911, -1.42244, 0.231342, -0.168116
2283.38, -2.47075, -0.211628, 1.48115e-07, -1.22514, -1.45049, 0.225353, -0.14628
