431, 0.642529, 0.00686402, -0.102219, -0.928257, 1.18606, -2.11431
431.001, 0.642527, 0.00686401, -0.102218, -0.928258, 1.18606, -2.11432
431.005, 0.642521, 0.006864, -0.102214, -0.928265, 1.18606, -2.11433
431.026, 0.642493, 0.00686396, -0.102193, -0.928293, 1.18608, -2.11437
431.117, 0.642365, 0.00686377, -0.102103, -0.928421, 1.18616, -2.11458
431.527, 0.641792, 0.00686298, -0.101696, -0.928997, 1.18652, -2.11552
433.372, 0.639239, 0.00686452, -0.0998889, -0.931579, 1.18815, -2.11972
439.206, 0.631406, 0.00701176, -0.094416, -0.939655, 1.19322, -2.13288
445.243, 0.623423, 0.0074523, -0.0891136, -0.947878, 1.19839, -2.14627
452.435, 0.613786, 0.00810297, -0.0832408, -0.957497, 1.20444, -2.16194
461.32, 0.601886, 0.00860223, -0.0765927, -0.969123, 1.21175, -2.18087
470.206, 0.590505, 0.00881481, -0.0705509, -0.980471, 1.21889, -2.19936
479.091, 0.579709, 0.00918076, -0.0650531, -0.99155, 1.22586, -2.21741
487.977, 0.569165, 0.00986012, -0.0600442, -1.00237, 1.23267, -2.23504
497.86, 0.557468, 0.0107466, -0.0549881, -1.0141, 1.24007, -2.25417
512.522, 0.540398, 0.0117659, -0.0483643, -1.03097, 1.25069, -2.28166
527.185, 0.524235, 0.012517, -0.042644, -1.0472, 1.26093, -2.30813
540.224, 0.510653, 0.0133528, -0.0382043, -1.06113, 1.26973, -2.33085
553.263, 0.497553, 0.0144654, -0.0342887, -1.07461, 1.27824, -2.35285
568.176, 0.482947, 0.0159323, -0.0303645, -1.0895, 1.28766, -2.37716
586.163, 0.465858, 0.0177086, -0.0263005, -1.10676, 1.29858, -2.40534
607.046, 0.446953, 0.0196554, -0.0223439, -1.12589, 1.31069, -2.43659
628.728, 0.42854, 0.0216804, -0.018942, -1.1448, 1.32267, -2.46747
651.251, 0.41066, 0.0239715, -0.0160221, -1.16349, 1.33452, -2.498
675.978, 0.392313, 0.0267897, -0.0133941, -1.18297, 1.34687, -2.52983
704.078, 0.372881, 0.0303396, -0.0109875, -1.2039, 1.36013, -2.56404
736.591, 0.35211, 0.0347855, -0.00879781, -1.22668, 1.37456, -2.60124
774.571, 0.330031, 0.0402855, -0.00684541, -1.25155, 1.39026, -2.64181
819.377, 0.30685, 0.0470422, -0.00514848, -1.27875, 1.40738, -2.68613
873.212, 0.282804, 0.0553606, -0.00370992, -1.30881, 1.42617, -2.73498
940.002, 0.258123, 0.0656873, -0.00252057, -1.34278, 1.44717, -2.78994
1021.06, 0.234668, 0.0777487, -0.00161951, -1.38, 1.46975, -2.84975
1121.37, 0.213446, 0.091313, -0.000971322, -1.42136, 1.4941, -2.91547
1250.65, 0.195255, 0.105975, -0.000530046, -1.46908, 1.52085, -2.98993
1428.48, 0.180748, 0.121108, -0.000252552, -1.52802, 1.5512, -3.07922
1698.97, 0.17027, 0.136052, -0.000101974, 1.53117, -1.55433, 3.0855
1844.61, 0.16728, 0.141725, -7.07998e-05, 1.48755, -1.53855, 3.0261
