1, 0.14152, -0, -1.83952e-05, -1.42928, -1.19061, -0.238665
1.001, 0.14152, -1.79399e-12, -1.83799e-05, -1.42918, -1.19061, -0.238569
1.0055, 0.14152, -5.37576e-11, -1.83111e-05, -1.42874, -1.19061, -0.238137
1.02575, 0.14152, -1.15655e-09, -1.80071e-05, -1.42681, -1.19059, -0.236219
1.11687, 0.14152, -2.20475e-08, -1.6743e-05, -1.41855, -1.19052, -0.228031
1.52694, 0.14152, -3.29256e-07, -1.26296e-05, -1.38865, -1.19022, -0.198432
3.37222, 0.14152, -2.71931e-06, -6.39286e-06, -1.32314, -1.18883, -0.134309
11.676, 0.14152, -1.9915e-05, -1.2036e-05, -1.26567, -1.1825, -0.0831701
28.0314, 0.141521, -0.000577396, -0.000324205, -1.25189, -1.16954, -0.0823539
43.9252, 0.141695, -0.00808451, -0.0031927, -1.25074, -1.1563, -0.0944362
50.9398, 0.142566, -0.0197168, -0.00663488, -1.25115, -1.15024, -0.100903
57.3096, 0.145722, -0.0392836, -0.0115179, -1.25176, -1.14463, -0.107134
63.278, 0.154551, -0.0681848, -0.0178133, -1.25247, -1.13926, -0.113219
68.6148, 0.173223, -0.103208, -0.0248781, -1.2532, -1.13436, -0.118835
73.2672, 0.204516, -0.137955, -0.0320771, -1.25388, -1.13003, -0.123851
77.1333, 0.245992, -0.164112, -0.0387152, -1.25448, -1.12637, -0.128101
80.7975, 0.300049, -0.178265, -0.0454736, -1.25506, -1.12287, -0.132192
84.2517, 0.361049, -0.172796, -0.0521835, -1.25563, -1.11952, -0.136104
87.2816, 0.415374, -0.146822, -0.0582768, -1.25613, -1.11655, -0.139579
90.3115, 0.460706, -0.0993341, -0.0645068, -1.25665, -1.11355, -0.143093
93.3414, 0.486935, -0.0334032, -0.0708178, -1.25717, -1.11052, -0.146647
95.6223, 0.488407, 0.0241194, -0.0755887, -1.25757, -1.10822, -0.149347
98.074, 0.467946, 0.0874027, -0.0807071, -1.258, -1.10573, -0.152275
100.062, 0.432367, 0.133627, -0.0848314, -1.25836, -1.10369, -0.154667
102.147, 0.377017, 0.16893, -0.0891145, -1.25873, -1.10154, -0.157193
104.232, 0.308243, 0.181527, -0.0933396, -1.2591, -1.09937, -0.159737
105.953, 0.249095, 0.169982, -0.0967745, -1.25941, -1.09756, -0.161852
107.735, 0.19467, 0.136908, -0.10027, -1.25974, -1.09568, -0.164054
109.518, 0.154883, 0.0862321, -0.103696, -1.26006, -1.09379, -0.166269
111.3, 0.135058, 0.0240828, -0.107044, -1.26039, -1.09189, -0.168498
113.082, 0.138468, -0.042584, -0.110309, -1.26072, -1.08998, -0.17074
114.634, 0.161895, -0.0980997, -0.113076, -1.261, -1.0883, -0.172703
116.185, 0.204398, -0.144364, -0.115771, -1.26129, -1.08661, -0.174676
117.737, 0.263105, -0.173491, -0.118389, -1.26158, -1.08492, -0.176659
119.288, 0.330599, -0.17838, -0.120928, -1.26186, -1.08321, -0.178652
120.84, 0.395665, -0.156349, -0.123384, -1.26215, -1.0815, -0.180656
122.391, 0.447223, -0.110893, -0.125754, -1.26244, -1.07977, -0.182669
123.943, 0.477794, -0.049537, -0.128036, -1.26273, -1.07804, -0.184693
125.329, 0.484202, 0.0118288, -0.13, -1.26299, -1.07648, -0.186512
126.716, 0.469526, 0.0729726, -0.131891, -1.26325, -1.07491, -0.188338
128.103, 0.433619, 0.127012, -0.133708, -1.26351, -1.07334, -0.190173
129.49, 0.378644, 0.165802, -0.135449, -1.26377, -1.07176, -0.192016
130.876, 0.311076, 0.181231, -0.137115, -1.26403, -1.07017, -0.193868
132.103, 0.24964, 0.17168, -0.138524, -1.26427, -1.06875, -0.195512
133.329, 0.195539, 0.141449, -0.139873, -1.2645, -1.06733, -0.197164
134.556, 0.155412, 0.0951742, -0.141161, -1.26473, -1.06591, -0.198822
135.855, 0.132333, 0.0353256, -0.14246, -1.26497, -1.06439, -0.200586
137.155, 0.131176, -0.028752, -0.143691, -1.26522, -1.06286, -0.202357
138.454, 0.152545, -0.0901223, -0.144854, -1.26547, -1.06133, -0.204137
139.753, 0.19558, -0.141059, -0.145949, -1.26571, -1.05979, -0.205923
141.053, 0.256312, -0.172936, -0.146977, -1.26596, -1.05824, -0.207718
142.352, 0.32594, -0.17855, -0.147938, -1.2662, -1.05668, -0.20952
143.492, 0.384605, -0.160206, -0.148725, -1.26642, -1.05531, -0.211108
144.632, 0.432801, -0.12315, -0.149462, -1.26664, -1.05393, -0.212702
145.835, 0.466666, -0.069792, -0.150185, -1.26687, -1.05247, -0.214391
147.039, 0.480213, -0.00867748, -0.150852, -1.26709, -1.05101, -0.216087
148.243, 0.472443, 0.0536513, -0.151463, -1.26732, -1.04953, -0.21779
149.446, 0.443458, 0.110607, -0.15202, -1.26755, -1.04805, -0.2195
150.65, 0.395046, 0.15482, -0.152522, -1.26778, -1.04656, -0.221217
151.853, 0.332319, 0.17868, -0.152971, -1.26801, -1.04507, -0.222941
153.057, 0.264539, 0.176992, -0.153367, -1.26824, -1.04357, -0.224672
154.261, 0.202898, 0.149948, -0.153711, -1.26847, -1.04206, -0.22641
155.464, 0.156472, 0.103001, -0.154004, -1.2687, -1.04054, -0.228155
156.668, 0.130242, 0.0438358, -0.154247, -1.26893, -1.03902, -0.229907
157.872, 0.126057, -0.020093, -0.15444, -1.26916, -1.03749, -0.231666
159.075, 0.144188, -0.0818537, -0.154584, -1.26938, -1.03595, -0.233433
160.279, 0.183604, -0.134165, -0.154681, -1.26961, -1.03441, -0.235206
161.483, 0.240701, -0.169086, -0.154731, -1.26984, -1.03286, -0.236988
162.686, 0.307729, -0.179754, -0.154735, -1.27007, -1.0313, -0.238776
163.89, 0.37356, -0.163752, -0.154694, -1.2703, -1.02973, -0.240572
165.093, 0.42752, -0.124661, -0.154609, -1.27053, -1.02816, -0.242375
166.297, 0.462771, -0.0698193, -0.154481, -1.27076, -1.02658, -0.244185
167.501, 0.476397, -0.00708934, -0.154311, -1.27099, -1.02499, -0.246004
168.704, 0.467699, 0.0564016, -0.1541, -1.27122, -1.02339, -0.247829
169.908, 0.437193, 0.11369, -0.15385, -1.27145, -1.02179, -0.249663
171.112, 0.387207, 0.157203, -0.15356, -1.27168, -1.02018, -0.251504
172.315, 0.32352, 0.179456, -0.153232, -1.27191, -1.01856, -0.253352
173.519, 0.255876, 0.17585, -0.152868, -1.27214, -1.01693, -0.255209
174.723, 0.195391, 0.147373, -0.152467, -1.27237, -1.01529, -0.257073
175.926, 0.15057, 0.0999562, -0.152032, -1.2726, -1.01365, -0.258945
177.13, 0.125755, 0.0412947, -0.151563, -1.27283, -1.012, -0.260825
178.334, 0.122324, -0.0214185, -0.151061, -1.27305, -1.01034, -0.262713
179.537, 0.140206, -0.0816529, -0.150527, -1.27328, -1.00867, -0.26461
180.741, 0.178167, -0.132719, -0.149962, -1.27351, -1.007, -0.266514
181.944, 0.232733, -0.167492, -0.149368, -1.27374, -1.00532, -0.268426
183.148, 0.296916, -0.179868, -0.148745, -1.27397, -1.00362, -0.270346
184.352, 0.360826, -0.167529, -0.148094, -1.2742, -1.00193, -0.272275
185.555, 0.414811, -0.133344, -0.147416, -1.27443, -1.00022, -0.274212
186.759, 0.452432, -0.0836516, -0.146712, -1.27466, -0.998501, -0.276157
188.007, 0.471103, -0.0232267, -0.145956, -1.2749, -0.996712, -0.278183
189.255, 0.468326, 0.0393602, -0.145174, -1.27513, -0.994915, -0.280218
190.503, 0.444549, 0.0976577, -0.144368, -1.27537, -0.993108, -0.282262
191.751, 0.40154, 0.144935, -0.143538, -1.27561, -0.991291, -0.284315
192.999, 0.343627, 0.174287, -0.142685, -1.27584, -0.989466, -0.286377
194.247, 0.278619, 0.180515, -0.14181, -1.27608, -0.987631, -0.288449
195.495, 0.216467, 0.162732, -0.140915, -1.27632, -0.985786, -0.29053
196.743, 0.165933, 0.124898, -0.14, -1.27655, -0.983932, -0.292621
197.991, 0.132295, 0.0735878, -0.139067, -1.27679, -0.982069, -0.294721
199.292, 0.117427, 0.0129325, -0.138074, -1.27704, -0.980115, -0.296921
200.594, 0.123475, -0.0485009, -0.137063, -1.27728, -0.978151, -0.299132
201.895, 0.149688, -0.104543, -0.136035, -1.27753, -0.976176, -0.301353
203.196, 0.193949, -0.148769, -0.13499, -1.27778, -0.974191, -0.303585
204.497, 0.251604, -0.174826, -0.13393, -1.27802, -0.972194, -0.305828
205.799, 0.314862, -0.178344, -0.132856, -1.27827, -0.970187, -0.308081
207.1, 0.374374, -0.159143, -0.131768, -1.27851, -0.968168, -0.310345
208.401, 0.422262, -0.121334, -0.130668, -1.27876, -0.966139, -0.312621
209.773, 0.455138, -0.068208, -0.129495, -1.27902, -0.963988, -0.315031
211.144, 0.468053, -0.00850316, -0.12831, -1.27928, -0.961824, -0.317453
212.516, 0.4609, 0.051563, -0.127115, -1.27954, -0.959648, -0.319888
213.887, 0.434521, 0.106223, -0.125909, -1.27979, -0.957459, -0.322335
215.259, 0.391007, 0.149521, -0.124694, -1.28005, -0.955257, -0.324795
216.63, 0.334732, 0.175624, -0.123471, -1.28031, -0.953043, -0.327268
218.055, 0.270458, 0.18024, -0.122193, -1.28058, -0.950729, -0.32985
219.479, 0.209752, 0.161721, -0.120907, -1.28085, -0.9484, -0.332447
220.904, 0.160702, 0.124275, -0.119616, -1.28111, -0.946057, -0.335057
222.329, 0.12797, 0.0742946, -0.118319, -1.28138, -0.9437, -0.337682
223.85, 0.112885, 0.0141568, -0.11693, -1.28167, -0.941167, -0.340501
225.372, 0.11833, -0.0465738, -0.115536, -1.28195, -0.938617, -0.343337
226.893, 0.143319, -0.101985, -0.11414, -1.28224, -0.93605, -0.346189
228.415, 0.185654, -0.146101, -0.112741, -1.28252, -0.933466, -0.349058
229.936, 0.240932, -0.173126, -0.111342, -1.28281, -0.930865, -0.351944
231.513, 0.304281, -0.178844, -0.10989, -1.2831, -0.92815, -0.354954
233.091, 0.36441, -0.161607, -0.10844, -1.2834, -0.925417, -0.357982
234.668, 0.413312, -0.12551, -0.106991, -1.28369, -0.922664, -0.361029
236.327, 0.447593, -0.0740896, -0.105469, -1.284, -0.919749, -0.364254
237.986, 0.462496, -0.0158955, -0.103951, -1.28431, -0.916812, -0.3675
239.644, 0.458099, 0.0430335, -0.102438, -1.28462, -0.913854, -0.370767
241.303, 0.43538, 0.0973513, -0.10093, -1.28493, -0.910875, -0.374056
243.034, 0.394271, 0.14339, -0.0993628, -1.28525, -0.907742, -0.377511
244.765, 0.339613, 0.172821, -0.0978033, -1.28557, -0.904586, -0.380989
246.496, 0.278329, 0.181454, -0.096252, -1.2859, -0.901405, -0.384491
248.307, 0.216298, 0.167571, -0.0946386, -1.28623, -0.89805, -0.388182
250.117, 0.164696, 0.134031, -0.093036, -1.28657, -0.894669, -0.3919
251.928, 0.128552, 0.0871291, -0.091445, -1.2869, -0.891259, -0.395644
253.899, 0.108847, 0.0282864, -0.0897274, -1.28727, -0.887518, -0.399751
255.87, 0.109485, -0.0320859, -0.0880253, -1.28763, -0.883743, -0.40389
257.841, 0.129282, -0.0882405, -0.0863394, -1.288, -0.879934, -0.408063
259.811, 0.166122, -0.134736, -0.0846704, -1.28836, -0.876092, -0.412269
261.856, 0.218317, -0.16719, -0.0829575, -1.28874, -0.872069, -0.416669
263.901, 0.278124, -0.1793, -0.0812643, -1.28911, -0.868009, -0.421105
266.026, 0.339465, -0.169281, -0.0795253, -1.28951, -0.863747, -0.425758
268.152, 0.391677, -0.139496, -0.0778088, -1.2899, -0.859444, -0.430452
270.373, 0.430873, -0.093722, -0.0760406, -1.2903, -0.854904, -0.435399
272.757, 0.453124, -0.0357311, -0.0741711, -1.29074, -0.849979, -0.440761
275.141, 0.454996, 0.0244762, -0.0723319, -1.29118, -0.845, -0.446177
277.525, 0.437843, 0.0811444, -0.0705236, -1.29161, -0.839966, -0.451647
279.992, 0.402378, 0.130537, -0.068686, -1.29206, -0.8347, -0.457364
282.458, 0.352744, 0.165247, -0.0668823, -1.29251, -0.829374, -0.46314
285.041, 0.292116, 0.181452, -0.06503, -1.29298, -0.82373, -0.469254
287.777, 0.227702, 0.174786, -0.0631097, -1.29348, -0.817679, -0.475802
290.512, 0.172162, 0.146983, -0.0612321, -1.29398, -0.811552, -0.482426
293.248, 0.131198, 0.104495, -0.0593973, -1.29447, -0.805346, -0.489128
296.257, 0.10528, 0.0487332, -0.0574284, -1.29502, -0.798428, -0.496591
299.266, 0.0989841, -0.00958289, -0.0555111, -1.29556, -0.791413, -0.50415
302.401, 0.11149, -0.0672086, -0.0535684, -1.29613, -0.783999, -0.51213
305.536, 0.140909, -0.116653, -0.051681, -1.29669, -0.776475, -0.520218
308.872, 0.186794, -0.155324, -0.0497329, -1.29729, -0.768347, -0.528946
312.328, 0.243852, -0.176089, -0.0477795, -1.29791, -0.759792, -0.538121
316.007, 0.306219, -0.175171, -0.0457714, -1.29857, -0.750531, -0.548041
319.687, 0.361475, -0.153464, -0.0438358, -1.29923, -0.741109, -0.558121
323.503, 0.405261, -0.115392, -0.0419032, -1.29991, -0.731163, -0.568748
327.757, 0.435289, -0.062753, -0.0398372, -1.30067, -0.719866, -0.580802
332.011, 0.446211, -0.00672028, -0.0378618, -1.30142, -0.708341, -0.593081
336.555, 0.439222, 0.050865, -0.0358486, -1.30223, -0.695776, -0.606452
341.319, 0.414566, 0.103775, -0.0338425, -1.30307, -0.682313, -0.620756
346.366, 0.373589, 0.147066, -0.0318297, -1.30396, -0.667726, -0.636232
351.704, 0.3199, 0.175063, -0.0298211, -1.3049, -0.651919, -0.652977
357.492, 0.258336, 0.183573, -0.0277772, -1.30591, -0.634337, -0.671572
363.517, 0.199515, 0.171294, -0.0257902, -1.30696, -0.615535, -0.691425
369.771, 0.150425, 0.142403, -0.0238714, -1.30805, -0.595473, -0.712575
376.685, 0.112755, 0.0999886, -0.0219096, -1.30925, -0.572628, -0.736618
384.425, 0.0897718, 0.0482395, -0.0198989, -1.31058, -0.546216, -0.764366
392.742, 0.0834367, -0.00551857, -0.0179403, -1.31201, -0.516839, -0.795172
401.923, 0.0928406, -0.0578864, -0.0160001, -1.31358, -0.483203, -0.830378
412.148, 0.11698, -0.104678, -0.0140863, -1.31532, -0.444244, -0.871076
423.77, 0.154205, -0.141999, -0.0121919, -1.31729, -0.398066, -0.919219
437.151, 0.201071, -0.165673, -0.0103335, -1.31953, -0.342477, -0.977055
452.78, 0.252178, -0.173001, -0.00853414, -1.32214, -0.274471, -1.04767
470.284, 0.298812, -0.164908, -0.00691085, -1.32503, -0.194814, -1.13021
491.061, 0.338715, -0.144939, -0.00541228, -1.32843, -0.0964907, -1.23194
517.278, 0.37046, -0.116053, -0.00402438, -1.33266, 0.0309612, -1.36362
550.986, 0.392409, -0.0825185, -0.00282053, -1.33803, 0.194511, -1.53254
593.733, 0.404855, -0.0493366, -0.00189215, -1.34472, 0.389937, -1.73465
652.819, 0.410465, -0.0167217, -0.00121752, -1.35374, 0.620365, -1.97411
748.907, 0.410414, 0.0191506, -0.000775493, -1.36796, 0.889179, -2.25713
873.017, 0.405173, 0.0535175, -0.000588674, -1.38558, 1.09953, -2.48511
1025.92, 0.395095, 0.0893453, -0.000482825, -1.40638, 1.2487, -2.65508
1242.02, 0.377954, 0.131974, -0.000368367, -1.43455, 1.36784, -2.80239
1425.24, 0.363311, 0.162025, -0.000302328, -1.45775, 1.4302, -2.88795
1579.18, 0.351885, 0.183895, -0.000239646, -1.47704, 1.4683, -2.94534
1733.81, 0.344513, 0.198095, -9.10717e-05, -1.49645, 1.49836, -2.99482
1844.61, 0.343141, 0.200991, -1.31405e-05, -1.51051, 1.51633, -3.02684
