211, 0.222201, -5.23396e-06, -0.317435, 1.28668, -1.49746, 2.78414, -0.00127343
211.001, 0.222201, 0.00026402, -0.317426, 1.28668, -1.49746, 2.78414, -0.00127345
211.006, 0.222199, 0.00147557, -0.317384, 1.28668, -1.49745, 2.78413, -0.00127352
211.026, 0.222171, 0.00692573, -0.317196, 1.28667, -1.49745, 2.78412, -0.00127386
211.117, 0.221584, 0.031424, -0.316349, 1.28663, -1.49742, 2.78405, -0.00127536
211.527, 0.209444, 0.141929, -0.312574, 1.28645, -1.49731, 2.78376, -0.00128214
212.241, 0.142495, 0.341162, -0.306124, 1.28613, -1.49711, 2.78324, -0.00129398
212.528, 0.0914613, 0.423589, -0.303579, 1.286, -1.49703, 2.78303, -0.00129875
212.875, 0.00137979, 0.519553, -0.30053, 1.28585, -1.49693, 2.78278, -0.00130452
213.251, -0.139165, 0.600555, -0.297264, 1.28568, -1.49683, 2.78251, -0.0013108
213.552, -0.276725, 0.626173, -0.294689, 1.28555, -1.49674, 2.78229, -0.00131581
213.869, -0.422204, 0.603738, -0.291993, 1.28541, -1.49665, 2.78206, -0.00132113
214.187, -0.543065, 0.541737, -0.289326, 1.28526, -1.49657, 2.78183, -0.00132645
214.543, -0.640714, 0.450717, -0.286371, 1.2851, -1.49647, 2.78157, -0.00133242
214.942, -0.711687, 0.343719, -0.283104, 1.28492, -1.49636, 2.78128, -0.00133912
215.417, -0.761083, 0.221123, -0.279262, 1.28471, -1.49622, 2.78093, -0.00134713
215.978, -0.788122, 0.0857121, -0.274817, 1.28446, -1.49607, 2.78053, -0.00135659
216.633, -0.790009, -0.0659226, -0.269723, 1.28416, -1.49589, 2.78005, -0.00136768
217.414, -0.752427, -0.247936, -0.263793, 1.28381, -1.49567, 2.77948, -0.00138095
217.815, -0.710803, -0.344736, -0.260806, 1.28362, -1.49556, 2.77918, -0.00138778
218.282, -0.633387, -0.458136, -0.257381, 1.28341, -1.49543, 2.77884, -0.00139575
218.716, -0.522336, -0.553883, -0.254242, 1.28321, -1.49531, 2.77852, -0.00140317
219.081, -0.396289, -0.609042, -0.251637, 1.28304, -1.49521, 2.77826, -0.00140943
219.466, -0.244988, -0.620929, -0.248927, 1.28287, -1.49511, 2.77797, -0.00141603
219.85, -0.103751, -0.581495, -0.246251, 1.28269, -1.495, 2.77769, -0.00142264
220.235, 0.00681787, -0.508946, -0.243609, 1.28251, -1.4949, 2.77741, -0.00142926
220.67, 0.0936737, -0.412261, -0.240658, 1.28231, -1.49478, 2.77709, -0.00143677
221.172, 0.156413, -0.300204, -0.237312, 1.28208, -1.49464, 2.77672, -0.00144544
221.743, 0.196383, -0.179206, -0.233566, 1.28181, -1.49449, 2.7763, -0.00145533
222.391, 0.215389, -0.0498324, -0.229398, 1.28151, -1.49431, 2.77582, -0.00146659
223.157, 0.21089, 0.0981546, -0.224582, 1.28115, -1.49411, 2.77526, -0.00147994
224.111, 0.162872, 0.285412, -0.21875, 1.2807, -1.49385, 2.77455, -0.00149663
224.569, 0.116564, 0.378322, -0.216015, 1.28049, -1.49373, 2.77421, -0.00150466
225.079, 0.0379993, 0.481031, -0.213016, 1.28024, -1.49359, 2.77383, -0.00151361
225.577, -0.0753058, 0.569294, -0.210134, 1.28001, -1.49345, 2.77346, -0.00152238
226.075, -0.225341, 0.621886, -0.207297, 1.27977, -1.49332, 2.77309, -0.00153117
226.509, -0.368029, 0.619999, -0.204863, 1.27957, -1.49321, 2.77277, -0.00153884
226.943, -0.49597, 0.575296, -0.202462, 1.27936, -1.49309, 2.77245, -0.00154652
227.45, -0.60946, 0.491881, -0.199697, 1.27912, -1.49295, 2.77207, -0.00155551
227.988, -0.690312, 0.391998, -0.196807, 1.27886, -1.49281, 2.77167, -0.00156509
228.622, -0.748608, 0.27665, -0.193474, 1.27855, -1.49264, 2.7712, -0.00157637
229.388, -0.785732, 0.1459, -0.189529, 1.27818, -1.49244, 2.77062, -0.00159006
230.269, -0.79921, 0.00468607, -0.185107, 1.27776, -1.49221, 2.76996, -0.00160585
231.335, -0.78248, -0.161997, -0.179915, 1.27724, -1.49192, 2.76916, -0.00162504
232.584, -0.70748, -0.362352, -0.17405, 1.27663, -1.4916, 2.76822, -0.0016476
233.135, -0.645256, -0.45148, -0.171537, 1.27636, -1.49145, 2.76781, -0.00165758
233.805, -0.533475, -0.550285, -0.168533, 1.27603, -1.49128, 2.7673, -0.00166975
234.362, -0.407666, -0.606872, -0.166086, 1.27575, -1.49113, 2.76688, -0.00167989
234.947, -0.256553, -0.620257, -0.163556, 1.27546, -1.49098, 2.76644, -0.00169057
235.533, -0.115282, -0.582282, -0.16107, 1.27517, -1.49083, 2.766, -0.00170128
236.119, -0.00455212, -0.511099, -0.158629, 1.27488, -1.49067, 2.76556, -0.001712
236.784, 0.0828112, -0.415546, -0.155908, 1.27455, -1.4905, 2.76505, -0.00172422
237.549, 0.14589, -0.305098, -0.152846, 1.27417, -1.4903, 2.76447, -0.0017383
238.426, 0.186525, -0.185643, -0.149423, 1.27373, -1.49008, 2.7638, -0.00175448
239.422, 0.206482, -0.0587134, -0.145643, 1.27322, -1.48982, 2.76305, -0.00177291
240.602, 0.204093, 0.0851881, -0.141311, 1.27263, -1.48952, 2.76215, -0.00179483
242.088, 0.161909, 0.266719, -0.136065, 1.27187, -1.48914, 2.76101, -0.00182255
242.844, 0.118364, 0.361388, -0.133485, 1.27148, -1.48895, 2.76043, -0.0018367
243.702, 0.0421387, 0.468398, -0.130625, 1.27104, -1.48873, 2.75977, -0.0018528
244.507, -0.0642129, 0.55873, -0.128006, 1.27063, -1.48852, 2.75915, -0.00186796
245.341, -0.212362, 0.619458, -0.125356, 1.2702, -1.48831, 2.75851, -0.0018837
246.057, -0.354737, 0.625297, -0.123134, 1.26982, -1.48813, 2.75796, -0.00189723
246.773, -0.485451, 0.587215, -0.120958, 1.26945, -1.48795, 2.7574, -0.0019108
247.591, -0.601181, 0.51074, -0.118528, 1.26902, -1.48775, 2.75677, -0.00192632
248.476, -0.686763, 0.414418, -0.115958, 1.26856, -1.48753, 2.75609, -0.00194318
249.506, -0.748819, 0.303467, -0.113054, 1.26802, -1.48727, 2.75529, -0.00196283
250.758, -0.790264, 0.177702, -0.109636, 1.26736, -1.48696, 2.75431, -0.0019868
252.213, -0.809282, 0.0426243, -0.105816, 1.26658, -1.4866, 2.75318, -0.00201475
253.963, -0.802539, -0.111625, -0.101424, 1.26565, -1.48617, 2.75181, -0.00204852
256.091, -0.750413, -0.298235, -0.0963662, 1.2645, -1.48564, 2.75014, -0.0020898
257.253, -0.69408, -0.400964, -0.0937308, 1.26387, -1.48536, 2.74923, -0.00211242
258.517, -0.599728, -0.507435, -0.0909585, 1.26318, -1.48505, 2.74823, -0.00213711
259.637, -0.480818, -0.582731, -0.0885821, 1.26257, -1.48478, 2.74735, -0.00215904
260.829, -0.325074, -0.618713, -0.0861321, 1.26191, -1.48449, 2.74641, -0.00218245
262.021, -0.169689, -0.595473, -0.0837609, 1.26125, -1.48421, 2.74546, -0.00220592
263.213, -0.0446809, -0.528717, -0.0814658, 1.26059, -1.48392, 2.74451, -0.00222945
264.492, 0.0489628, -0.437697, -0.0790845, 1.25988, -1.48362, 2.74349, -0.00225476
265.929, 0.11595, -0.333266, -0.0765056, 1.25907, -1.48328, 2.74235, -0.00228328
267.625, 0.161584, -0.217461, -0.0735889, 1.25812, -1.48287, 2.74099, -0.00231704
269.535, 0.186312, -0.097448, -0.0704567, 1.25703, -1.48242, 2.73945, -0.0023552
271.799, 0.191525, 0.0348769, -0.0669452, 1.25574, -1.48189, 2.73763, -0.00240061
274.592, 0.168926, 0.191639, -0.0628914, 1.25412, -1.48124, 2.73537, -0.00245687
277.339, 0.111519, 0.345244, -0.0591812, 1.25252, -1.48061, 2.73313, -0.00251247
279.26, 0.0424266, 0.451464, -0.0567382, 1.25139, -1.48017, 2.73156, -0.0025515
281.165, -0.0584691, 0.547502, -0.0544326, 1.25026, -1.47974, 2.73, -0.00259029
283.153, -0.201399, 0.617963, -0.0521421, 1.24907, -1.47929, 2.72836, -0.0026309
285.141, -0.364942, 0.633221, -0.0499637, 1.24788, -1.47884, 2.72672, -0.00267161
287.129, -0.512995, 0.591504, -0.0478912, 1.24667, -1.47839, 2.72507, -0.00271242
289.117, -0.624457, 0.51744, -0.0459186, 1.24546, -1.47795, 2.72341, -0.00275332
291.345, -0.70885, 0.423956, -0.0438196, 1.24409, -1.47746, 2.72155, -0.00279927
293.96, -0.7703, 0.318072, -0.0414982, 1.24247, -1.47688, 2.71936, -0.00285333
297.212, -0.812739, 0.199135, -0.0388097, 1.24044, -1.47618, 2.71662, -0.00292073
301.036, -0.834652, 0.0751631, -0.0359051, 1.23802, -1.47535, 2.71337, -0.00300021
305.722, -0.835857, -0.0609097, -0.0326862, 1.23501, -1.47435, 2.70936, -0.00309787
311.738, -0.805759, -0.220775, -0.0290376, 1.23107, -1.47309, 2.70416, -0.00322354
317.86, -0.737065, -0.371909, -0.0258061, 1.22699, -1.47182, 2.6988, -0.00335163
323.246, -0.637413, -0.489221, -0.0233075, 1.22332, -1.47072, 2.69404, -0.00346438
328.19, -0.511667, -0.567376, -0.0212617, 1.2199, -1.46973, 2.68963, -0.00356779
333.133, -0.367402, -0.59839, -0.019424, 1.21642, -1.46875, 2.68517, -0.00367105
338.341, -0.225908, -0.577759, -0.0176871, 1.2127, -1.46773, 2.68043, -0.00377958
343.548, -0.116214, -0.52313, -0.0161304, 1.20891, -1.46673, 2.67564, -0.00388775
349.905, -0.0254018, -0.441861, -0.0144441, 1.2042, -1.46552, 2.66972, -0.0040192
356.966, 0.0366888, -0.354206, -0.0128097, 1.19886, -1.46421, 2.66306, -0.0041642
365.733, 0.0807305, -0.258744, -0.0110751, 1.19205, -1.4626, 2.65465, -0.00434249
376.166, 0.107527, -0.163928, -0.00936097, 1.18369, -1.46074, 2.64444, -0.00455158
389.054, 0.121123, -0.0684767, -0.00765992, 1.17298, -1.45851, 2.63149, -0.00480432
405.618, 0.123353, 0.0294979, -0.00598498, 1.15855, -1.45575, 2.61429, -0.00511835
427.753, 0.114834, 0.131381, -0.00438249, 1.13801, -1.45223, 2.59024, -0.00551534
459.288, 0.0957669, 0.239616, -0.00290536, 1.10608, -1.44753, 2.55361, -0.00602769
504.051, 0.0699447, 0.347517, -0.00172103, 1.0546, -1.44145, 2.49604, -0.00662959
561.402, 0.0478516, 0.439974, -0.00096288, 0.975947, -1.43454, 2.41048, -0.00716546
634.37, 0.0372718, 0.515916, -0.000520173, 0.849708, -1.42699, 2.2767, -0.00748903
724.49, 0.0431417, 0.572215, -0.000279973, 0.641264, -1.41934, 2.0606, -0.00756227
832.759, 0.0632534, 0.602215, -0.000144687, 0.303808, -1.41223, 1.71603, -0.00798378
959.19, 0.08152, 0.603854, -6.09479e-05, -0.147561, -1.4064, 1.25884, -0.0109264
1085.62, 0.0867033, 0.597566, -2.35616e-05, -0.518461, -1.40292, 0.884463, -0.019192
1234.65, 0.0871681, 0.593561, -1.00176e-05, -0.796366, -1.40152, 0.605151, -0.0383664
1429.28, 0.0869063, 0.591477, -2.12041e-06, -0.995982, -1.4036, 0.40762, -0.0771268
1623.91, 0.0868856, 0.591414, 3.18178e-07, -1.105, -1.40961, 0.304609, -0.120384
1890.8, 0.0867185, 0.591481, 1.46958e-07, -1.18562, -1.4232, 0.23758, -0.160966
2283.38, 0.0864147, 0.591527, 1.47279e-07, -1.22874, -1.45116, 0.222419, -0.147768
