241, 0.426795, 0.00239174, -0.180804, -1.14371, -0.18883, -0.954882
241.001, 0.426794, 0.00239164, -0.1808, -1.14371, -0.188826, -0.954887
241.006, 0.426791, 0.00239116, -0.180786, -1.14372, -0.188808, -0.954907
241.026, 0.426773, 0.00238901, -0.180722, -1.14373, -0.188725, -0.955001
241.117, 0.426695, 0.00237869, -0.180431, -1.14377, -0.188351, -0.955421
241.527, 0.426348, 0.00232002, -0.179133, -1.14398, -0.18667, -0.957313
243.372, 0.424975, 0.00186073, -0.173418, -1.14493, -0.179087, -0.965842
246.232, 0.423616, 0.000970121, -0.164969, -1.14639, -0.167283, -0.979106
249.092, 0.422964, 0.000577121, -0.156989, -1.14784, -0.155417, -0.992425
251.952, 0.422343, 0.000967569, -0.149451, -1.14929, -0.143493, -1.0058
255.252, 0.420957, 0.00197129, -0.141266, -1.15095, -0.12966, -1.02129
258.753, 0.418618, 0.00281108, -0.133149, -1.1527, -0.114913, -1.03778
262.253, 0.415985, 0.0028739, -0.12557, -1.15444, -0.100093, -1.05434
266.153, 0.413537, 0.00221125, -0.117716, -1.15636, -0.0835012, -1.07286
270.249, 0.411852, 0.00146028, -0.110083, -1.15837, -0.0659963, -1.09237
274.344, 0.410701, 0.00130899, -0.103029, -1.16036, -0.0484171, -1.11195
278.798, 0.409325, 0.00192216, -0.0959613, -1.16252, -0.0292272, -1.13329
283.817, 0.407051, 0.00301848, -0.0886813, -1.16492, -0.00752689, -1.1574
289.386, 0.403746, 0.00386969, -0.0813703, -1.16757, 0.0166198, -1.18419
294.954, 0.400299, 0.00395253, -0.0747806, -1.17019, 0.0408146, -1.211
301.532, 0.396823, 0.00341065, -0.0678208, -1.17325, 0.0694188, -1.24267
308.534, 0.394012, 0.00289102, -0.0612736, -1.17648, 0.0998519, -1.27633
315.536, 0.39167, 0.00297353, -0.055501, -1.17967, 0.130214, -1.30988
323.695, 0.38882, 0.00381394, -0.0496186, -1.18334, 0.16543, -1.34877
333.172, 0.38487, 0.00518196, -0.0437555, -1.18754, 0.206022, -1.39356
344.371, 0.37952, 0.00648321, -0.0379436, -1.19242, 0.253386, -1.4458
355.982, 0.373893, 0.00714658, -0.0329577, -1.19739, 0.301617, -1.499
370.434, 0.367512, 0.00738065, -0.0279238, -1.20345, 0.360134, -1.56358
386.572, 0.361339, 0.00764075, -0.0234902, -1.21005, 0.423162, -1.63322
404.256, 0.355279, 0.0084459, -0.0197118, -1.21711, 0.489058, -1.70617
424.898, 0.348489, 0.0100739, -0.0163447, -1.22512, 0.561454, -1.78657
451.951, 0.33952, 0.0127822, -0.0131182, -1.23525, 0.648669, -1.88392
487.798, 0.327494, 0.0164491, -0.0101834, -1.24811, 0.751034, -1.99914
539.41, 0.310675, 0.0210753, -0.00750119, -1.26558, 0.874312, -2.13989
594.568, 0.294053, 0.0252827, -0.00570428, -1.28305, 0.979816, -2.26286
658.033, 0.276824, 0.0296994, -0.00433669, -1.30182, 1.07543, -2.37725
736.064, 0.258192, 0.0350029, -0.00319871, -1.32324, 1.16562, -2.48887
829.153, 0.23922, 0.0414231, -0.00227589, -1.34683, 1.24621, -2.59304
944.415, 0.22006, 0.0494902, -0.00151716, -1.37366, 1.31956, -2.69322
1085.27, 0.202239, 0.0591381, -0.000939435, -1.40372, 1.38445, -2.78817
1259.52, 0.186923, 0.0700724, -0.000538257, -1.43796, 1.44205, -2.88001
1486.48, 0.174427, 0.0822448, -0.000293858, -1.4795, 1.49518, -2.97468
1803.67, 0.16481, 0.0958936, -0.000117261, -1.53524, 1.54637, -3.08161
1844.61, 0.164222, 0.0970143, -8.81302e-05, -1.54244, 1.5517, -3.09415
