221, 0.127077, -1.41062e-06, -0.278026, 1.47313, -1.52269, 2.99582, -0.00353067
221.001, 0.127077, 0.000119389, -0.278019, 1.47313, -1.52269, 2.99582, -0.0035307
221.006, 0.127076, 0.000662954, -0.277989, 1.47313, -1.52268, 2.99581, -0.00353083
221.026, 0.127057, 0.00310829, -0.277852, 1.47312, -1.52268, 2.99579, -0.00353139
221.117, 0.126665, 0.0140934, -0.277237, 1.47305, -1.52265, 2.9957, -0.00353393
221.527, 0.118776, 0.0627341, -0.274488, 1.47275, -1.52252, 2.99527, -0.00354536
222.152, 0.0879141, 0.131506, -0.270355, 1.4723, -1.52233, 2.99463, -0.00356282
222.778, 0.0357711, 0.187779, -0.266294, 1.47185, -1.52213, 2.99398, -0.0035803
223.403, -0.0334689, 0.223967, -0.262302, 1.4714, -1.52194, 2.99334, -0.0035978
224.029, -0.111304, 0.233895, -0.25838, 1.47095, -1.52174, 2.99269, -0.00361532
224.654, -0.186356, 0.216467, -0.254524, 1.4705, -1.52155, 2.99205, -0.00363286
225.28, -0.248836, 0.176536, -0.250734, 1.47006, -1.52135, 2.99141, -0.00365043
225.905, -0.293562, 0.121754, -0.247009, 1.46961, -1.52116, 2.99077, -0.00366801
226.59, -0.320756, 0.053036, -0.243005, 1.46912, -1.52095, 2.99007, -0.00368728
227.274, -0.325964, -0.0183025, -0.239076, 1.46863, -1.52074, 2.98937, -0.00370657
227.994, -0.308919, -0.0905275, -0.235021, 1.46812, -1.52052, 2.98864, -0.00372689
228.714, -0.270011, -0.154119, -0.231045, 1.46761, -1.5203, 2.98791, -0.00374724
229.434, -0.21173, -0.202258, -0.227146, 1.4671, -1.52008, 2.98718, -0.00376761
230.154, -0.139862, -0.227948, -0.223322, 1.46659, -1.51986, 2.98645, -0.003788
230.874, -0.0640697, -0.227057, -0.219573, 1.46608, -1.51964, 2.98572, -0.00380843
231.594, 0.00492573, -0.201042, -0.215895, 1.46557, -1.51943, 2.98499, -0.00382887
232.314, 0.0594336, -0.15603, -0.212288, 1.46506, -1.51921, 2.98427, -0.00384934
233.077, 0.0977989, -0.0957192, -0.208541, 1.46452, -1.51898, 2.9835, -0.00387106
233.887, 0.116399, -0.0252716, -0.204647, 1.46395, -1.51874, 2.98269, -0.00389414
234.697, 0.113336, 0.0458399, -0.200836, 1.46338, -1.51849, 2.98188, -0.00391726
235.553, 0.0878049, 0.116279, -0.196895, 1.46278, -1.51824, 2.98102, -0.00394172
236.409, 0.0409139, 0.175793, -0.193043, 1.46218, -1.51798, 2.98017, -0.00396622
237.265, -0.0238363, 0.217309, -0.189277, 1.46158, -1.51773, 2.97932, -0.00399075
238.121, -0.0991786, 0.234482, -0.185595, 1.46099, -1.51748, 2.97846, -0.00401531
238.977, -0.174632, 0.225042, -0.181995, 1.46039, -1.51723, 2.97762, -0.00403991
239.834, -0.240225, 0.192434, -0.178475, 1.45979, -1.51697, 2.97677, -0.00406453
240.69, -0.28994, 0.143599, -0.175033, 1.4592, -1.51672, 2.97592, -0.00408918
241.658, -0.324745, 0.0775682, -0.171232, 1.45853, -1.51644, 2.97497, -0.0041171
242.626, -0.337451, 0.00734166, -0.167525, 1.45786, -1.51616, 2.97402, -0.00414505
243.646, -0.328527, -0.0652436, -0.16372, 1.45715, -1.51586, 2.97302, -0.00417452
244.665, -0.298244, -0.131148, -0.160015, 1.45645, -1.51557, 2.97202, -0.00420403
245.728, -0.246203, -0.186429, -0.156255, 1.45572, -1.51526, 2.97098, -0.00423483
246.791, -0.178125, -0.221014, -0.152596, 1.45498, -1.51496, 2.96994, -0.00426567
247.853, -0.102788, -0.229696, -0.149034, 1.45425, -1.51466, 2.96891, -0.00429655
248.916, -0.0310333, -0.212333, -0.145568, 1.45352, -1.51435, 2.96788, -0.00432747
249.979, 0.028359, -0.174069, -0.142195, 1.4528, -1.51405, 2.96685, -0.00435842
251.083, 0.0723283, -0.120033, -0.138785, 1.45204, -1.51374, 2.96578, -0.00439061
252.295, 0.0989053, -0.0523438, -0.135148, 1.45121, -1.5134, 2.96461, -0.004426
253.507, 0.104031, 0.0175431, -0.13162, 1.45039, -1.51306, 2.96345, -0.00446143
254.805, 0.0875523, 0.089321, -0.127958, 1.4495, -1.5127, 2.9622, -0.00449943
256.104, 0.0501414, 0.152623, -0.124413, 1.44862, -1.51234, 2.96096, -0.00453747
257.457, -0.00817764, 0.203177, -0.120836, 1.4477, -1.51196, 2.95966, -0.00457718
258.811, -0.080202, 0.231415, -0.117377, 1.44678, -1.51159, 2.95837, -0.00461694
260.164, -0.156356, 0.233591, -0.114031, 1.44587, -1.51122, 2.95709, -0.00465674
261.518, -0.22627, 0.21135, -0.110794, 1.44495, -1.51085, 2.9558, -0.00469658
262.871, -0.282639, 0.170753, -0.107662, 1.44404, -1.51048, 2.95452, -0.00473646
264.401, -0.326438, 0.111711, -0.104245, 1.44301, -1.51007, 2.95308, -0.00478155
265.996, -0.349889, 0.0436814, -0.100812, 1.44194, -1.50964, 2.95158, -0.00482866
267.661, -0.352277, -0.0276819, -0.0973673, 1.44082, -1.50919, 2.95001, -0.00487786
269.407, -0.333024, -0.097545, -0.093899, 1.43965, -1.50873, 2.94837, -0.0049295
271.216, -0.29226, -0.159067, -0.0904558, 1.43843, -1.50825, 2.94668, -0.00498303
273.024, -0.234261, -0.203631, -0.0871568, 1.43722, -1.50778, 2.945, -0.00503661
274.893, -0.163309, -0.226407, -0.0838906, 1.43597, -1.50729, 2.94326, -0.00509203
276.872, -0.0870191, -0.222663, -0.0805855, 1.43465, -1.50677, 2.94143, -0.00515074
278.851, -0.0202979, -0.194219, -0.077429, 1.43333, -1.50626, 2.9396, -0.00520948
280.829, 0.0304776, -0.148878, -0.0744137, 1.43201, -1.50575, 2.93777, -0.00526824
283.02, 0.0662431, -0.0881773, -0.0712314, 1.43056, -1.5052, 2.93575, -0.00533332
285.342, 0.0822517, -0.0197645, -0.0680275, 1.42901, -1.50461, 2.93362, -0.00540233
287.803, 0.0776074, 0.0511751, -0.0648124, 1.42738, -1.50399, 2.93137, -0.00547544
290.404, 0.0516954, 0.119434, -0.0616015, 1.42565, -1.50334, 2.92899, -0.00555273
293.137, 0.00475094, 0.178509, -0.0584224, 1.42384, -1.50267, 2.9265, -0.00563394
295.871, -0.0573933, 0.219352, -0.0554304, 1.42203, -1.502, 2.92402, -0.00571511
298.777, -0.131885, 0.238628, -0.0524409, 1.4201, -1.50129, 2.92139, -0.00580134
301.683, -0.204984, 0.233033, -0.0496354, 1.41817, -1.50059, 2.91876, -0.00588748
304.589, -0.268355, 0.207307, -0.047001, 1.41625, -1.4999, 2.91614, -0.00597352
307.843, -0.322752, 0.163095, -0.04424, 1.41409, -1.49913, 2.91321, -0.00606972
311.548, -0.362822, 0.103284, -0.0413205, 1.41163, -1.49826, 2.90989, -0.00617904
315.435, -0.382974, 0.0382354, -0.0384933, 1.40905, -1.49736, 2.90641, -0.00629342
319.668, -0.384232, -0.0292148, -0.0356648, 1.40623, -1.49639, 2.90262, -0.00641758
324.292, -0.366146, -0.0945011, -0.0328448, 1.40315, -1.49535, 2.8985, -0.00655265
329.314, -0.329053, -0.151775, -0.0300685, 1.3998, -1.49423, 2.89403, -0.00669864
334.734, -0.275512, -0.194413, -0.0273711, 1.39617, -1.49304, 2.88921, -0.00685523
340.592, -0.211025, -0.216662, -0.0247646, 1.39223, -1.49177, 2.88401, -0.0070232
347.073, -0.142652, -0.215361, -0.0222083, 1.38786, -1.4904, 2.87826, -0.00720735
353.554, -0.0853473, -0.19421, -0.0199523, 1.38346, -1.48904, 2.8725, -0.00738951
360.897, -0.0371902, -0.156648, -0.0177099, 1.37844, -1.48754, 2.86598, -0.00759325
369.544, -0.00136091, -0.105273, -0.0154339, 1.37247, -1.48581, 2.85828, -0.00782921
379.401, 0.0184349, -0.0466942, -0.0132421, 1.3656, -1.48388, 2.84949, -0.00809241
390.818, 0.0224409, 0.0151947, -0.0111414, 1.35753, -1.48171, 2.83924, -0.00838879
404.43, 0.0110379, 0.0779837, -0.00912514, 1.34772, -1.47921, 2.82693, -0.00872902
420.966, -0.015364, 0.138625, -0.00722375, 1.33551, -1.47628, 2.81179, -0.00912103
441.505, -0.055555, 0.193985, -0.00547422, 1.31982, -1.4728, 2.79262, -0.0095719
467.102, -0.105671, 0.240301, -0.00394895, 1.29932, -1.4687, 2.76802, -0.0100718
499.469, -0.160264, 0.276317, -0.00268844, 1.27163, -1.46386, 2.73549, -0.0105954
541.441, -0.21376, 0.303667, -0.00170713, 1.23212, -1.45809, 2.69021, -0.0110787
594.371, -0.259441, 0.325123, -0.00102931, 1.17495, -1.45155, 2.62651, -0.0113588
668.341, -0.29834, 0.347106, -0.000569268, 1.07647, -1.44361, 2.52008, -0.0111607
802.66, -0.332247, 0.382085, -0.000258922, 0.81041, -1.43216, 2.24257, -0.00961648
928.792, -0.340068, 0.411971, -0.000146014, 0.404707, -1.42433, 1.82903, -0.00848484
1067.53, -0.333128, 0.427495, -6.34124e-05, -0.157092, -1.41847, 1.26138, -0.0109115
1206.27, -0.327907, 0.427152, -2.29485e-05, -0.590025, -1.41518, 0.82515, -0.0207984
1358.59, -0.3261, 0.424867, -1.07416e-05, -0.860386, -1.4142, 0.553814, -0.0423244
1553.85, -0.325303, 0.423536, -3.86351e-07, -1.04059, -1.4166, 0.376006, -0.0820422
1757.61, -0.325435, 0.423614, 3.419e-07, -1.1399, -1.42296, 0.28306, -0.124271
2060.25, -0.325751, 0.423706, 1.53307e-07, -1.21355, -1.43837, 0.224826, -0.157625
2283.38, -0.325987, 0.42375, 1.51655e-07, -1.23586, -1.45311, 0.217251, -0.149346
