461, 0.82731, 0.0108919, -0.102531, -0.743394, 1.29347, -2.03687
461.001, 0.827308, 0.0108919, -0.10253, -0.743396, 1.29347, -2.03687
461.005, 0.827298, 0.0108918, -0.102526, -0.743406, 1.29347, -2.03688
461.026, 0.827252, 0.0108915, -0.102506, -0.743452, 1.29349, -2.03694
461.117, 0.827049, 0.0108897, -0.102418, -0.743656, 1.29354, -2.0372
461.527, 0.826136, 0.0108824, -0.10202, -0.744576, 1.29379, -2.03836
463.372, 0.822079, 0.0108618, -0.100252, -0.748701, 1.29489, -2.04359
468.557, 0.811009, 0.0110308, -0.0954576, -0.760174, 1.29795, -2.05813
473.742, 0.800104, 0.01161, -0.0909092, -0.771474, 1.30099, -2.07246
480.138, 0.78646, 0.0125783, -0.0856182, -0.785179, 1.30468, -2.08986
487.734, 0.770092, 0.0133996, -0.0797628, -0.801124, 1.309, -2.11012
495.33, 0.754215, 0.0136804, -0.0743387, -0.816714, 1.31325, -2.12996
502.926, 0.739195, 0.0139004, -0.069313, -0.831955, 1.31743, -2.14938
510.522, 0.724792, 0.0145049, -0.0646549, -0.846853, 1.32155, -2.1684
518.118, 0.71058, 0.0154995, -0.0603363, -0.861417, 1.32559, -2.18701
527.785, 0.692494, 0.0168742, -0.0552901, -0.879479, 1.33066, -2.21013
539.085, 0.671687, 0.0180695, -0.0499706, -0.899936, 1.33645, -2.23638
550.888, 0.650972, 0.018906, -0.0450087, -0.920576, 1.34235, -2.26293
562.69, 0.631455, 0.0198338, -0.0405846, -0.9405, 1.34812, -2.28862
574.493, 0.612831, 0.0211617, -0.0366365, -0.959735, 1.35375, -2.31348
586.723, 0.594118, 0.0229025, -0.0329894, -0.97897, 1.35944, -2.33841
601.133, 0.572646, 0.0251194, -0.0292005, -1.00077, 1.36598, -2.36675
618.252, 0.548077, 0.0276389, -0.0253158, -1.0255, 1.37352, -2.39902
637.068, 0.522558, 0.0302045, -0.0216986, -1.05132, 1.38153, -2.43284
655.884, 0.498727, 0.0327609, -0.0186507, -1.0758, 1.38925, -2.46506
676.067, 0.474936, 0.0357177, -0.0159047, -1.10069, 1.39725, -2.49795
698.261, 0.450637, 0.0393346, -0.0133978, -1.12654, 1.40572, -2.53226
723.356, 0.425211, 0.0438514, -0.0110851, -1.15401, 1.4149, -2.56891
752.24, 0.398355, 0.0494624, -0.00896379, -1.18354, 1.42498, -2.60852
785.886, 0.370055, 0.056345, -0.00705082, -1.21542, 1.43612, -2.65154
825.548, 0.340515, 0.0647096, -0.00536494, -1.24995, 1.4485, -2.69844
873.177, 0.310021, 0.0748643, -0.00391511, -1.28767, 1.46236, -2.75003
932.124, 0.278902, 0.087262, -0.00270028, -1.32964, 1.47819, -2.80783
1002.48, 0.249787, 0.101347, -0.00177608, -1.37423, 1.49539, -2.86962
1089.04, 0.223376, 0.11703, -0.00109629, -1.42274, 1.51439, -2.93713
1199.57, 0.20055, 0.133911, -0.000620748, -1.4772, 1.53576, -3.01296
1349.37, 0.182062, 0.151342, -0.000309605, -1.54203, 1.56058, -3.10261
1575.3, 0.168411, 0.168556, -0.000126018, 1.51252, -1.55043, 3.06295
1844.61, 0.161605, 0.180685, -5.51475e-05, 1.41374, -1.52171, 2.93545
