321, 0.515399, 0.00357768, -0.114955, -1.05539, 0.709368, -1.76476
321.001, 0.515398, 0.00357768, -0.114954, -1.05539, 0.709371, -1.76476
321.005, 0.515395, 0.00357768, -0.114948, -1.0554, 0.709383, -1.76478
321.026, 0.515378, 0.00357764, -0.114922, -1.05541, 0.709436, -1.76485
321.117, 0.515303, 0.0035775, -0.114806, -1.05549, 0.709677, -1.76516
321.527, 0.514967, 0.00357688, -0.114284, -1.05582, 0.710759, -1.76658
323.372, 0.513475, 0.00357692, -0.111975, -1.05733, 0.715609, -1.77294
329.256, 0.508869, 0.00368286, -0.105013, -1.0621, 0.73086, -1.79296
335.356, 0.504128, 0.00399844, -0.0983898, -1.06698, 0.746327, -1.81331
342.989, 0.498041, 0.00442147, -0.0908589, -1.07299, 0.765201, -1.83819
351.234, 0.491511, 0.00463497, -0.0835596, -1.07937, 0.784994, -1.86436
359.991, 0.484938, 0.00476983, -0.0766349, -1.08601, 0.805356, -1.89137
368.747, 0.478621, 0.00510097, -0.0704501, -1.09253, 0.825057, -1.91759
377.503, 0.472304, 0.00559178, -0.0649081, -1.09893, 0.844116, -1.94305
389.236, 0.463804, 0.0061604, -0.0583489, -1.10732, 0.86868, -1.976
401.883, 0.454931, 0.00654196, -0.0522202, -1.11612, 0.893961, -2.01009
414.53, 0.446517, 0.00694859, -0.0469073, -1.1247, 0.918058, -2.04276
427.177, 0.438382, 0.00755266, -0.0422773, -1.13306, 0.941029, -2.07409
441.325, 0.429403, 0.00836586, -0.0377749, -1.14216, 0.965465, -2.10762
460.175, 0.417655, 0.00938152, -0.0326891, -1.15389, 0.996082, -2.14998
482.321, 0.404473, 0.0104028, -0.0277761, -1.16714, 1.02944, -2.19659
504.468, 0.392068, 0.0114834, -0.023759, -1.17985, 1.06024, -2.24009
526.614, 0.380279, 0.0127709, -0.0204413, -1.19205, 1.08871, -2.28076
550.831, 0.367915, 0.0143724, -0.0174425, -1.20485, 1.11746, -2.32231
579.242, 0.354039, 0.0163734, -0.0145787, -1.21921, 1.14834, -2.36755
612.206, 0.338823, 0.0187614, -0.0119336, -1.23505, 1.18078, -2.41583
649.258, 0.322905, 0.0215413, -0.00961177, -1.25189, 1.21348, -2.46537
690.687, 0.306553, 0.0248403, -0.00761638, -1.26965, 1.24604, -2.51569
738.059, 0.289598, 0.028903, -0.00589684, -1.28873, 1.2789, -2.56763
793.713, 0.27185, 0.0340314, -0.00441768, -1.30967, 1.3126, -2.62227
860.879, 0.253273, 0.0405716, -0.00316332, -1.33315, 1.34757, -2.68072
944.623, 0.23402, 0.0489332, -0.00212636, -1.36012, 1.38435, -2.74447
1048.83, 0.215297, 0.0591086, -0.00133173, -1.39084, 1.4221, -2.81294
1177.81, 0.198577, 0.0706279, -0.000774985, -1.42554, 1.45987, -2.88541
1345.18, 0.184489, 0.0831602, -0.000410169, -1.46674, 1.49857, -2.9653
1579.07, 0.173309, 0.0965002, -0.000198512, -1.52005, 1.5397, -3.05976
1844.61, 0.166456, 0.107862, -0.000102097, 1.56305, -1.56688, 3.12994
